num_large_appliances,total_units_purchased,total_units_purchased_on_mfr_coup,total_units_purchased_on_store_coup,num_small_appliances,num_pets,num_members_in_household,household_income,male_head_avg_work_hours,female_head_avg_work_hours,household_id,rim_market,primary_head_avg_work_hours,total_head_avg_work_hours,weekday_shopper,weekday_purchase_percentage,residence_status
12,75.0000,2,1,13,0,2,11,40,40,1100032,1,40,80,0,0.41333333,1
2,221.0000,8,2,10,1,3,3,0,40,1100107,1,40,40,0,0.29864253,2
14,169.0000,2,0,19,0,4,9,40,40,1100131,1,40,80,0,0.47928994,1
0,20.0000,0,0,10,0,1,2,0,0,1100172,1,0,0,1,0.75000000,2
14,115.0000,0,2,17,0,4,8,40,38,1100180,1,38,78,1,0.87826087,1
4,28.0000,0,1,4,0,1,2,0,0,1100198,1,0,0,1,0.64285714,2
6,145.0000,5,0,10,0,1,2,0,0,1100255,1,0,0,1,0.84827586,1
4,109.0000,3,3,8,0,2,3,0,0,1100289,1,0,0,1,0.75229358,1
10,147.0000,8,31,18,0,2,7,20,12,1100297,1,12,32,1,0.67346939,1
10,67.0000,1,1,15,1,3,6,0,40,1100313,1,40,40,1,0.71641791,1
12,164.0000,9,16,13,0,5,5,40,0,1100339,1,0,40,1,0.93292683,1
2,618.0000,0,36,4,2,2,2,0,22,1100347,1,22,22,1,0.90129450,1
12,128.0000,8,31,12,1,2,2,20,40,1100354,1,40,60,1,0.83593750,1
2,29.0000,0,3,8,0,1,4,0,36,1100404,1,36,36,1,0.65517241,2
14,147.0000,1,0,15,1,5,5,40,42,1100487,1,42,82,1,0.71428571,1
12,84.0000,5,0,12,0,2,7,0,0,1100578,1,0,0,1,0.75000000,1
12,158.0000,5,26,16,0,2,5,0,0,1100586,1,0,0,1,0.67721519,1
6,54.0000,0,0,16,2,3,10,60,45,1100602,1,45,105,0,0.24074074,2
12,104.0000,5,3,10,1,4,3,0,43,1100628,1,43,43,1,0.69230769,1
12,177.0000,9,10,12,1,2,4,0,35,1100644,1,35,35,1,0.67231638,1
12,425.0000,19,8,12,0,5,5,40,0,1100651,1,0,40,1,0.52235294,1
8,60.0000,3,0,14,1,2,7,45,40,1100677,1,40,85,0,0.28333333,1
12,89.0000,0,5,17,1,5,7,50,20,1100701,1,20,70,1,0.77528090,1
14,61.0000,0,0,17,0,2,9,40,40,1100719,1,40,80,1,0.85245902,1
12,247.0000,6,3,16,2,2,7,44,21,1100735,1,21,65,0,0.46963563,1
2,466.0000,3,0,4,0,2,8,0,0,1100743,1,0,0,1,1.00000000,1
8,20.0000,4,0,2,0,1,1,0,0,1100750,1,0,0,1,0.60000000,1
8,189.0000,7,9,13,1,3,5,0,40,1100792,1,40,40,0,0.21164021,1
12,225.0000,0,1,17,0,4,9,50,8,1100818,1,8,58,1,0.87111111,1
8,62.0000,0,0,10,1,2,3,30,35,1100859,1,35,65,1,0.74193548,1
4,35.0000,6,3,6,0,1,1,0,0,1100867,1,0,0,1,1.00000000,2
14,153.0000,5,4,17,1,4,11,40,25,1100875,1,25,65,1,0.85620915,1
3,59.0000,0,0,5,0,1,3,0,0,1100883,1,0,0,1,0.84745763,2
12,348.0000,0,1,18,1,3,7,60,9,1100966,1,9,69,1,0.90804598,1
12,194.0000,0,2,15,0,4,12,50,40,1101014,1,40,90,0,0.18556701,1
12,113.0000,0,31,13,0,2,9,20,35,1101022,1,35,55,1,0.53097345,1
6,171.0000,1,0,9,1,5,5,30,40,1101048,1,40,70,1,0.67251462,1
2,26.0000,0,1,14,0,2,2,30,0,1101063,1,0,30,1,0.73076923,2
12,178.0000,1,4,13,0,2,4,21,20,1101097,1,20,41,1,0.84831461,1
14,11.0000,0,0,8,1,1,2,0,0,1101162,1,0,0,1,1.00000000,1
11,91.0000,7,6,13,1,3,7,45,28,1101204,1,28,73,1,0.84615385,1
2,95.0000,0,0,12,0,1,5,0,40,1101220,1,40,40,1,0.71578947,2
10,26.0000,2,0,13,1,3,9,50,40,1101261,1,40,90,1,0.69230769,1
10,29.0000,0,0,16,0,1,4,0,45,1101311,1,45,45,1,0.58620690,1
14,74.0000,0,4,15,1,5,11,40,36,1101329,1,36,76,1,0.94594595,1
8,342.0000,7,5,15,0,6,6,40,40,1101378,1,40,80,1,0.69883041,1
10,226.0000,33,13,19,1,4,7,60,8,1101402,1,8,68,1,0.68141593,1
2,107.0000,0,0,11,0,1,4,0,40,1101410,1,40,40,1,0.64485981,2
10,199.0000,6,1,15,0,4,6,40,40,1101428,1,40,80,1,0.80402010,1
14,48.0000,0,0,8,0,1,3,0,40,1101444,1,40,40,0,0.43750000,1
13,217.0000,3,3,13,1,5,9,50,20,1101485,1,20,70,1,0.80645161,1
10,168.0000,0,1,12,0,2,4,0,45,1101519,1,45,45,1,0.98214286,2
12,484.0000,0,0,13,1,5,11,50,41,1101543,1,41,91,1,0.76652893,1
14,128.0000,0,3,17,0,3,9,50,25,1101568,1,25,75,1,0.70312500,1
10,40.0000,1,0,10,1,1,3,0,0,1101618,1,0,0,1,0.80000000,1
8,328.0000,4,10,13,3,4,6,40,36,1101675,1,36,76,0,0.41768293,1
12,67.0000,0,12,12,0,2,3,40,40,1101683,1,40,80,1,0.70149254,1
10,87.0000,0,0,17,1,2,10,45,35,1101717,1,35,80,1,0.63218391,1
8,40.0000,1,1,13,0,1,2,0,20,1101758,1,20,20,1,0.87500000,1
14,53.0000,3,10,18,1,3,11,60,40,1101782,1,40,100,1,0.64150943,1
10,250.0000,0,4,19,3,4,8,44,40,1101790,1,40,84,1,0.74000000,1
12,120.0000,3,2,15,0,2,4,0,0,1101824,1,0,0,1,0.64166667,1
12,57.0000,4,12,14,1,2,4,40,40,1101832,1,40,80,1,0.52631579,1
12,128.0000,0,0,12,0,3,5,30,40,1101865,1,40,70,1,0.70312500,1
10,135.0000,0,8,19,0,2,12,0,0,1101899,1,0,0,1,0.55555556,1
16,245.0000,0,4,19,1,5,8,40,0,1101949,1,0,40,1,0.78367347,1
4,49.0000,2,0,8,0,2,1,0,0,1101980,1,0,0,0,0.44897959,2
12,149.0000,1,3,15,0,3,3,0,44,1101998,1,44,44,1,0.74496644,2
9,113.0000,0,1,14,0,5,6,40,40,1102046,1,40,80,1,0.70796460,1
10,145.0000,15,22,12,0,2,5,40,35,1102053,1,35,75,0,0.44137931,1
14,334.0000,12,36,14,1,2,7,40,20,1102079,1,20,60,0,0.31437126,1
10,131.0000,2,0,11,0,2,3,40,30,1102129,1,30,70,1,0.74045802,1
12,215.0000,8,1,16,0,4,10,60,40,1102152,1,40,100,1,0.85581395,1
13,68.0000,0,1,14,0,1,6,15,0,1102186,1,0,15,1,1.00000000,1
12,82.0000,7,5,15,0,3,6,50,22,1102236,1,22,72,1,0.76829268,1
10,69.0000,10,7,14,0,2,3,0,0,1102244,1,0,0,1,0.75362319,1
4,25.0000,0,2,14,0,1,2,0,40,1102293,1,40,40,0,0.40000000,2
14,207.0000,5,12,11,1,2,6,60,0,1102301,1,0,60,1,0.99033816,1
12,71.0000,0,3,15,0,4,6,66,40,1102327,1,40,106,0,0.29577465,1
10,47.0000,12,4,6,0,1,4,0,40,1102392,1,40,40,0,0.36170213,1
6,70.0000,2,0,6,0,2,3,0,0,1102418,1,0,0,1,0.65714286,1
12,61.0000,0,0,10,0,3,5,50,25,1102426,1,25,75,0,0.45901639,1
8,95.0000,2,2,8,0,2,9,45,40,1102459,1,40,85,1,0.67368421,2
14,78.0000,11,0,13,1,2,6,0,40,1102483,1,40,40,1,0.80769231,1
10,230.0000,3,5,8,1,7,12,80,0,1102491,1,0,80,1,0.60434783,1
2,30.0000,5,8,13,0,1,2,0,15,1102533,1,15,15,1,0.70000000,2
12,68.0000,5,2,17,0,2,12,40,0,1102541,1,0,40,0,0.47058824,2
2,137.0000,0,5,11,0,2,5,30,40,1102673,1,40,70,1,0.81021898,2
12,97.0000,8,4,17,1,3,5,40,40,1102699,1,40,80,1,0.81443299,1
10,115.0000,8,17,15,1,2,3,0,40,1102707,1,40,40,0,0.34782609,1
5,45.0000,2,3,9,0,1,3,0,40,1102715,1,40,40,1,0.53333333,2
2,71.0000,3,0,14,0,3,3,40,0,1102764,1,0,40,1,0.97183099,2
10,150.0000,3,8,14,0,5,10,60,0,1102780,1,0,60,1,0.86000000,1
12,139.0000,8,12,15,2,4,8,40,40,1102806,1,40,80,1,0.52517986,1
14,106.0000,1,16,17,0,4,10,50,30,1102822,1,30,80,1,0.99056604,1
3,254.0000,0,2,4,3,3,4,40,30,1102863,1,30,70,1,0.77559055,2
2,103.0000,2,0,4,0,1,2,20,0,1102871,1,0,20,1,0.96116505,2
10,24.0000,0,0,20,1,6,8,44,60,1102905,1,60,104,0,0.33333333,1
7,119.0000,0,0,8,0,2,2,40,0,1102921,1,0,40,1,0.84873950,2
2,48.0000,0,0,10,0,1,5,0,40,1102947,1,40,40,1,0.97916667,2
10,83.0000,3,3,11,2,3,6,45,40,1102988,1,40,85,0,0.44578313,1
8,57.0000,2,6,15,2,2,7,40,30,1102996,1,30,70,1,0.50877193,1
10,91.0000,3,0,14,0,3,5,40,0,1103010,1,0,40,1,0.68131868,1
8,133.0000,0,0,12,0,1,2,0,40,1103028,1,40,40,1,0.93233083,2
10,199.0000,1,0,10,1,2,6,0,40,1103051,1,40,40,1,0.72361809,2
9,219.0000,0,12,11,0,4,6,40,37,1103101,1,37,77,1,0.53424658,1
12,126.0000,1,0,11,1,3,7,45,40,1103259,1,40,85,0,0.43650794,1
6,212.0000,2,9,12,0,3,2,0,0,1103283,1,0,0,1,0.67452830,1
6,219.0000,0,0,10,1,3,1,0,20,1103309,1,20,20,1,0.75799087,2
12,49.0000,0,3,14,0,2,6,60,20,1103341,1,20,80,1,0.93877551,1
8,61.0000,2,1,4,0,2,6,0,0,1103390,1,0,0,1,0.83606557,1
12,200.0000,4,10,20,0,4,7,40,40,1103408,1,40,80,1,0.51500000,1
14,334.0000,8,1,10,1,5,4,40,0,1103473,1,0,40,1,0.53592814,1
8,164.0000,9,1,8,0,2,4,0,40,1103481,1,40,40,1,0.58536585,1
14,433.0000,8,1,16,1,5,11,35,20,1103499,1,20,55,1,0.71593533,1
4,114.0000,2,0,14,0,2,5,0,40,1103515,1,40,40,1,0.78947368,2
6,74.0000,7,6,11,1,1,3,0,43,1103531,1,43,43,1,0.62162162,2
2,40.0000,0,3,12,0,2,3,0,40,1103564,1,40,40,1,0.95000000,2
12,300.0000,4,1,14,0,2,4,0,20,1103614,1,20,20,1,0.75666667,3
12,117.0000,4,0,17,1,2,11,45,35,1103648,1,35,80,1,0.82051282,3
10,314.0000,8,5,19,1,5,6,40,0,1103671,1,0,40,0,0.31528662,1
8,52.0000,9,13,18,1,6,7,40,44,1103705,1,44,84,1,0.59615385,1
4,95.0000,0,0,10,0,1,1,0,50,1103739,1,50,50,1,0.76842105,2
8,175.0000,4,9,12,1,3,5,40,20,1103747,1,20,60,1,0.94285714,2
14,142.0000,10,3,17,0,2,10,0,0,1103754,1,0,0,1,0.73943662,1
14,73.0000,28,4,14,0,6,12,55,0,1103762,1,0,55,1,0.56164384,1
8,31.0000,1,3,6,0,1,2,0,0,1103770,1,0,0,1,0.87096774,1
10,158.0000,5,21,15,2,3,2,40,40,1103804,1,40,80,1,0.53164557,1
10,363.0000,1,21,12,0,2,2,0,0,1103838,1,0,0,1,0.75206612,1
2,40.0000,1,3,6,0,1,2,0,0,1103861,1,0,0,1,1.00000000,2
12,58.0000,0,0,8,0,1,2,0,20,1103879,1,20,20,1,0.74137931,1
6,341.0000,8,0,15,0,4,2,0,0,1103911,1,0,0,1,0.89149560,2
11,131.0000,0,5,14,0,3,7,55,8,1103929,1,8,63,1,0.67938931,2
10,77.0000,12,3,15,2,2,7,0,20,1103986,1,20,20,1,0.83116883,1
3,75.0000,2,5,14,1,4,6,58,45,1104000,1,45,103,1,0.57333333,2
9,60.0000,0,1,12,0,3,4,50,0,1104059,1,0,50,1,0.61666667,1
6,93.0000,7,0,14,1,2,3,0,0,1104075,1,0,0,1,0.72043011,1
12,71.0000,0,0,12,0,1,2,20,0,1104083,1,0,20,1,0.71830986,1
8,108.0000,6,0,17,0,2,3,5,35,1104091,1,35,40,1,0.55555556,1
12,93.0000,0,7,14,0,2,7,0,0,1104174,1,0,0,1,0.81720430,1
6,77.0000,1,0,12,1,5,2,70,0,1104208,1,0,70,1,0.75324675,1
10,52.0000,0,4,14,0,1,4,0,0,1104273,1,0,0,1,0.75000000,2
12,100.0000,0,0,15,1,2,9,40,30,1104307,1,30,70,1,0.52000000,1
16,112.0000,0,3,19,1,4,11,47,43,1104323,1,43,90,1,0.66964286,1
14,103.0000,9,1,13,2,3,5,60,40,1104331,1,40,100,0,0.33009709,1
10,136.0000,3,8,17,1,4,12,45,0,1104349,1,0,45,1,0.81617647,1
6,95.0000,0,0,10,0,2,1,0,40,1104380,1,40,40,1,0.56842105,2
10,119.0000,0,1,17,0,2,9,48,6,1104398,1,6,54,1,0.94957983,1
14,155.0000,0,0,12,0,4,8,45,40,1104430,1,40,85,1,0.52258065,1
6,68.0000,0,0,11,0,2,5,40,36,1104463,1,36,76,0,0.30882353,1
12,257.0000,6,3,19,1,2,9,40,40,1104497,1,40,80,1,0.69260700,1
14,51.0000,0,0,17,0,2,9,50,35,1104505,1,35,85,1,0.78431373,1
14,108.0000,0,0,19,0,2,2,0,25,1104513,1,25,25,1,0.69444444,1
12,64.0000,2,7,6,0,1,3,0,36,1104547,1,36,36,1,0.56250000,1
2,48.0000,0,7,8,0,1,3,0,0,1104562,1,0,0,1,0.81250000,2
14,151.0000,1,2,21,1,5,13,55,40,1104570,1,40,95,1,0.68211921,1
11,72.0000,0,6,16,0,2,12,40,21,1104596,1,21,61,1,0.54166667,1
8,519.0000,0,1,8,3,5,7,40,0,1104679,1,0,40,1,0.53371869,1
11,153.0000,0,7,8,1,1,2,0,0,1104752,1,0,0,1,0.58169935,1
12,273.0000,9,9,17,0,4,7,45,0,1104786,1,0,45,1,0.87179487,1
12,109.0000,0,0,15,0,2,8,40,0,1104794,1,0,40,1,0.76146789,2
10,57.0000,4,8,15,2,4,9,40,0,1104836,1,0,40,1,0.68421053,1
2,25.0000,0,1,12,0,1,3,0,38,1104851,1,38,38,1,0.60000000,2
12,221.0000,2,8,13,0,4,4,40,34,1104877,1,34,74,1,0.67420814,1
14,233.0000,4,5,15,0,3,8,40,35,1104901,1,35,75,1,0.96995708,1
12,139.0000,13,0,12,0,1,1,0,0,1104992,1,0,0,1,0.52517986,1
12,163.0000,11,10,13,1,3,4,37,40,1105007,1,40,77,0,0.05521472,1
6,364.0000,3,0,11,0,8,5,45,0,1105064,1,0,45,1,0.52747253,1
10,30.0000,11,0,9,0,2,1,40,0,1105098,1,0,40,1,1.00000000,1
12,204.0000,7,0,17,2,5,3,45,40,1105163,1,40,85,0,0.37254902,1
8,248.0000,0,1,15,0,4,8,60,0,1105270,1,0,60,1,0.86693548,1
14,205.0000,12,1,13,0,5,7,40,30,1105288,1,30,70,1,0.97560976,1
14,183.0000,19,17,15,1,4,5,50,0,1105304,1,0,50,1,0.80874317,1
10,146.0000,5,5,13,1,6,7,70,24,1105320,1,24,94,1,0.66438356,1
14,293.0000,9,5,12,0,3,10,60,50,1105403,1,50,110,0,0.32081911,1
8,375.0000,10,0,4,0,3,2,80,0,1105437,1,0,80,1,0.82133333,1
6,40.0000,5,0,8,0,1,1,0,0,1105494,1,0,0,1,0.75000000,1
10,283.0000,3,6,11,2,3,4,45,25,1105544,1,25,70,1,0.89752650,1
8,37.0000,0,0,12,0,2,5,30,30,1105569,1,30,60,1,0.94594595,1
12,249.0000,0,3,10,0,2,5,0,0,1105585,1,0,0,1,0.89558233,1
8,44.0000,5,1,4,0,1,4,0,0,1105593,1,0,0,1,0.90909091,2
10,112.0000,6,4,15,3,3,12,45,40,1105627,1,40,85,1,0.58035714,1
12,163.0000,11,0,15,2,3,7,40,40,1105643,1,40,80,1,0.68711656,1
10,49.0000,3,0,17,1,2,6,0,50,1105676,1,50,50,1,0.61224490,1
6,101.0000,0,1,5,0,1,3,40,0,1105684,1,0,40,1,0.64356436,1
10,185.0000,2,3,17,0,4,6,48,0,1105718,1,0,48,1,0.97297297,1
8,149.0000,6,11,10,0,2,4,0,0,1105759,1,0,0,1,0.72483221,1
12,34.0000,0,0,19,0,2,4,0,35,1105767,1,35,35,1,0.55882353,1
15,145.0000,0,2,15,1,4,6,75,24,1105775,1,24,99,1,0.78620690,1
2,107.0000,0,0,12,0,1,4,0,40,1105809,1,40,40,1,0.77570093,2
12,110.0000,6,0,7,1,5,2,0,0,1105817,1,0,0,1,0.66363636,1
12,419.0000,16,4,17,1,6,8,40,36,1105825,1,36,76,1,0.71360382,1
12,306.0000,5,42,16,1,2,3,0,0,1105866,1,0,0,1,0.86928105,1
14,126.0000,19,5,12,0,2,12,35,48,1105924,1,48,83,0,0.46031746,1
14,265.0000,4,6,16,0,4,10,44,28,1105981,1,28,72,1,0.60000000,1
9,511.0000,0,9,14,2,4,9,60,55,1106005,1,55,115,0,0.18786693,1
12,50.0000,4,0,12,0,2,8,40,50,1106021,1,50,90,0,0.48000000,1
12,73.0000,0,13,15,3,2,6,0,40,1106039,1,40,40,1,0.82191781,1
10,234.0000,13,13,17,0,7,6,0,45,1106047,1,45,45,1,0.81196581,1
10,121.0000,4,7,15,2,2,11,0,0,1106062,1,0,0,1,0.86776860,1
2,20.0000,0,1,8,1,1,2,0,0,1106070,1,0,0,1,0.80000000,2
14,116.0000,0,0,15,1,3,11,50,50,1106104,1,50,100,1,0.56034483,1
8,126.0000,5,0,10,0,2,5,40,40,1106112,1,40,80,1,0.80952381,3
6,193.0000,1,8,10,0,4,7,40,32,1106120,1,32,72,0,0.19689119,1
12,236.0000,3,0,18,1,3,10,36,0,1106138,1,0,36,1,0.80932203,1
12,244.0000,2,1,18,0,2,3,0,0,1106161,1,0,0,1,0.82377049,1
14,172.0000,2,1,15,0,3,7,45,45,1106187,1,45,90,0,0.37209302,1
10,123.0000,3,3,4,0,2,6,0,0,1106195,1,0,0,1,0.81300813,3
12,257.0000,18,0,13,1,4,10,50,24,1106245,1,24,74,0,0.42023346,1
10,23.0000,0,0,4,0,1,3,0,0,1106328,1,0,0,1,0.65217391,1
12,74.0000,11,0,14,0,2,5,12,30,1106351,1,30,42,1,0.67567568,1
12,78.0000,0,0,14,0,4,10,40,40,1106385,1,40,80,1,0.67948718,1
12,132.0000,3,2,6,0,1,2,0,0,1106393,1,0,0,1,0.64393939,1
10,285.0000,4,17,10,2,2,2,20,0,1106450,1,0,20,1,0.77192982,1
0,68.0000,0,0,4,0,1,2,0,26,1106484,1,26,26,1,0.89705882,2
12,165.0000,38,32,16,0,4,4,40,0,1106500,1,0,40,1,0.81818182,1
12,165.0000,0,0,14,1,4,8,60,0,1106518,1,0,60,1,0.93333333,1
8,65.0000,2,1,10,1,2,5,45,36,1106526,1,36,81,1,0.93846154,1
12,295.0000,7,1,15,1,4,5,40,0,1106633,1,0,40,0,0.47457627,1
12,119.0000,2,14,12,0,1,8,0,50,1106641,1,50,50,1,0.53781513,1
14,165.0000,2,0,17,3,6,13,65,0,1106658,1,0,65,1,0.72727273,1
16,76.0000,0,0,16,1,2,10,45,0,1106690,1,0,45,1,0.73684211,1
2,13.0000,0,0,8,0,1,4,40,0,1106708,1,0,40,1,0.92307692,2
8,136.0000,3,6,10,0,2,7,43,36,1106724,1,36,79,0,0.31617647,2
12,143.0000,0,5,17,0,5,8,45,40,1106732,1,40,85,0,0.25874126,1
8,32.0000,0,0,6,1,1,4,0,33,1106740,1,33,33,1,0.87500000,1
8,78.0000,1,0,14,0,4,5,48,32,1106799,1,32,80,1,0.66666667,2
8,24.0000,0,6,10,0,2,2,45,0,1106807,1,0,45,1,0.95833333,2
4,301.0000,0,0,15,1,3,1,0,15,1106856,1,15,15,1,0.84385382,2
14,110.0000,0,0,19,0,4,10,40,40,1106880,1,40,80,1,0.77272727,1
10,161.0000,0,0,17,1,3,8,44,40,1106898,1,40,84,0,0.24844720,1
12,176.0000,1,6,14,0,4,7,40,24,1106906,1,24,64,1,0.78409091,1
14,303.0000,2,1,16,2,4,6,60,32,1106922,1,32,92,1,0.95379538,1
2,53.0000,0,5,8,0,1,3,0,0,1106930,1,0,0,1,0.79245283,2
8,275.0000,2,0,17,1,3,3,45,0,1106955,1,0,45,1,0.85818182,1
10,133.0000,12,5,11,0,2,4,0,0,1106963,1,0,0,1,0.84962406,1
4,138.0000,8,10,8,0,2,3,0,40,1107045,1,40,40,1,0.87681159,2
6,399.0000,9,1,6,1,1,3,0,40,1107078,1,40,40,1,0.88471178,1
6,264.0000,3,5,14,1,4,5,40,20,1107102,1,20,60,0,0.45833333,1
11,107.0000,0,5,17,1,4,7,0,35,1107128,1,35,35,1,0.81308411,1
14,239.0000,9,8,14,0,5,6,42,34,1107136,1,34,76,1,0.78661088,1
12,68.0000,2,3,13,0,4,6,40,32,1107169,1,32,72,1,0.79411765,1
10,11.0000,1,2,12,0,1,3,0,0,1107219,1,0,0,1,0.63636364,1
10,19.0000,1,1,12,1,1,2,0,0,1107227,1,0,0,1,0.73684211,2
12,252.0000,2,0,19,2,4,7,50,55,1107342,1,55,105,1,0.62698413,1
12,166.0000,7,5,11,0,3,7,0,32,1107391,1,32,32,1,0.68072289,3
12,248.0000,11,0,14,1,3,5,56,0,1107409,1,0,56,1,0.79838710,1
12,101.0000,10,24,12,0,2,4,0,0,1107490,1,0,0,1,0.85148515,1
12,198.0000,7,1,15,0,2,8,50,40,1107524,1,40,90,0,0.39898990,1
12,59.0000,1,1,12,0,1,3,0,0,1107532,1,0,0,1,0.61016949,1
10,225.0000,7,17,13,0,5,13,50,0,1107573,1,0,50,1,0.83111111,1
14,109.0000,1,5,17,1,6,7,40,20,1107581,1,20,60,1,0.80733945,1
14,94.0000,5,6,14,0,2,7,0,0,1107649,1,0,0,1,0.92553191,1
10,331.0000,12,44,10,0,2,4,40,45,1107722,1,45,85,0,0.49244713,1
10,18.0000,0,2,14,0,1,4,0,0,1107839,1,0,0,1,0.88888889,1
8,222.0000,7,3,14,0,6,8,40,40,1107912,1,40,80,1,0.89639640,1
8,44.0000,0,11,5,0,1,3,0,0,1107946,1,0,0,1,0.95454545,2
6,90.0000,9,7,14,0,2,6,0,20,1107961,1,20,20,1,0.72222222,1
12,158.0000,8,0,16,1,2,2,0,0,1107979,1,0,0,1,0.79113924,1
16,219.0000,13,18,15,0,4,8,50,50,1108043,1,50,100,1,0.63470320,1
12,108.0000,7,16,8,1,3,5,0,0,1108076,1,0,0,1,0.88888889,1
12,312.0000,9,8,15,0,6,2,25,28,1108084,1,28,53,1,0.71474359,1
12,132.0000,4,1,12,0,6,4,0,0,1108126,1,0,0,1,0.65909091,1
8,103.0000,17,15,10,1,3,4,0,40,1108134,1,40,40,1,0.72815534,1
2,174.0000,0,0,12,0,3,3,0,40,1108159,1,40,40,1,0.80459770,2
16,217.0000,0,0,19,0,3,3,60,80,1108167,1,80,140,1,0.68663594,1
8,193.0000,17,15,14,1,3,7,60,60,1108191,1,60,120,1,0.51813472,1
10,35.0000,0,0,15,1,3,3,40,40,1108217,1,40,80,1,0.77142857,1
12,48.0000,3,0,14,0,2,11,45,40,1108290,1,40,85,1,0.54166667,1
9,165.0000,2,4,10,4,3,4,0,0,1108407,1,0,0,1,0.61818182,1
10,181.0000,7,4,17,0,2,3,0,0,1108449,1,0,0,1,0.83425414,1
9,109.0000,0,0,14,0,4,5,50,60,1108480,1,60,110,1,0.63302752,1
10,179.0000,0,3,15,1,5,7,54,40,1108514,1,40,94,1,0.65921788,1
2,26.0000,0,0,18,0,1,5,0,50,1108548,1,50,50,1,0.84615385,2
6,98.0000,13,20,10,0,1,3,0,0,1108555,1,0,0,1,0.87755102,2
4,34.0000,0,1,12,0,1,2,0,40,1108563,1,40,40,0,0.50000000,2
8,44.0000,5,5,6,0,2,6,50,45,1108597,1,45,95,1,0.93181818,1
10,64.0000,0,6,13,2,2,6,40,40,1108696,1,40,80,1,0.89062500,1
10,142.0000,0,2,18,1,3,9,0,40,1108712,1,40,40,0,0.26760563,2
8,86.0000,5,13,12,2,4,9,40,40,1108720,1,40,80,1,0.83720930,1
14,152.0000,0,1,17,1,3,6,40,40,1108753,1,40,80,1,0.65131579,1
12,39.0000,7,1,12,1,2,7,30,0,1108936,1,0,30,1,0.69230769,1
12,61.0000,0,6,11,0,2,11,40,18,1108951,1,18,58,1,0.93442623,1
12,123.0000,0,3,19,0,4,12,45,40,1108969,1,40,85,1,0.97560976,1
6,67.0000,4,0,10,1,2,2,0,0,1108993,1,0,0,1,0.86567164,1
9,103.0000,0,3,10,1,4,10,0,30,1109017,1,30,30,1,0.72815534,1
12,40.0000,1,7,12,0,2,7,34,20,1109066,1,20,54,1,0.67500000,1
2,51.0000,12,5,12,0,1,4,0,40,1109157,1,40,40,1,0.82352941,2
8,55.0000,2,0,8,0,1,1,0,0,1109165,1,0,0,1,0.50909091,2
12,3.0000,2,0,11,2,2,10,60,20,1109181,1,20,80,1,1.00000000,1
12,79.0000,2,2,12,0,2,8,40,40,1109207,1,40,80,1,0.58227848,1
14,289.0000,4,2,16,0,6,8,45,20,1109215,1,20,65,1,0.92733564,1
8,189.0000,6,0,13,3,4,6,40,25,1109231,1,25,65,1,0.86772487,1
13,134.0000,3,2,15,1,3,7,50,40,1109264,1,40,90,1,0.70149254,1
8,86.0000,3,2,16,0,4,5,40,40,1109298,1,40,80,1,0.56976744,2
10,25.0000,6,0,14,0,1,4,0,25,1109330,1,25,25,1,0.72000000,1
14,74.0000,7,0,17,1,4,9,40,20,1109355,1,20,60,1,0.71621622,1
12,90.0000,0,0,19,0,2,4,0,40,1109413,1,40,40,1,0.87777778,3
12,90.0000,2,0,18,3,3,7,40,0,1109439,1,0,40,0,0.16666667,1
6,79.0000,4,1,12,1,1,3,0,36,1109447,1,36,36,1,0.63291139,2
9,51.0000,1,0,15,2,3,7,0,35,1109538,1,35,35,1,0.52941176,1
10,174.0000,7,2,14,0,2,3,0,0,1109546,1,0,0,1,0.94827586,1
2,103.0000,1,16,8,0,2,5,20,0,1109579,1,0,20,1,0.76699029,2
4,49.0000,0,5,10,0,1,1,0,0,1109686,1,0,0,1,0.95918367,1
2,195.0000,0,11,2,0,1,3,0,0,1109702,1,0,0,1,0.87692308,2
14,406.0000,0,2,16,1,3,10,40,40,1109777,1,40,80,1,0.64532020,1
8,77.0000,0,0,4,0,1,6,0,0,1109785,1,0,0,1,0.57142857,1
10,164.0000,3,0,13,1,5,11,45,32,1109835,1,32,77,1,0.55487805,1
12,132.0000,1,0,14,0,4,5,50,50,1109850,1,50,100,1,0.51515152,1
12,98.0000,0,3,10,0,1,2,0,0,1109868,1,0,0,1,0.78571429,1
8,83.0000,2,0,15,0,4,6,40,50,1109876,1,50,90,0,0.36144578,1
10,115.0000,5,10,19,1,4,6,50,0,1110015,1,0,50,0,0.34782609,1
8,71.0000,5,2,12,0,1,3,0,0,1110023,1,0,0,1,0.66197183,2
8,180.0000,0,1,15,0,4,8,40,42,1110049,1,42,82,1,0.59444444,1
8,172.0000,8,1,4,0,2,10,40,45,1110064,1,45,85,1,0.85465116,1
14,110.0000,0,3,15,0,6,4,40,24,1110098,1,24,64,1,0.64545455,1
12,10.0000,0,0,16,0,1,8,0,0,1110114,1,0,0,1,0.60000000,1
14,117.0000,7,0,14,1,2,4,0,0,1110122,1,0,0,1,0.76923077,1
10,25.0000,0,0,4,0,1,7,0,40,1110130,1,40,40,1,0.60000000,1
10,67.0000,3,6,10,0,1,3,0,40,1110148,1,40,40,0,0.40298507,2
8,56.0000,0,0,7,0,2,6,48,0,1110163,1,0,48,1,0.66071429,1
16,129.0000,14,3,18,0,6,9,50,50,1110171,1,50,100,1,0.74418605,1
10,128.0000,0,1,15,1,3,7,45,0,1110197,1,0,45,1,0.51562500,1
10,165.0000,0,0,19,1,4,6,40,0,1110221,1,0,40,1,0.56969697,1
12,231.0000,13,1,13,0,5,7,40,40,1110247,1,40,80,1,0.67099567,1
10,192.0000,2,5,12,1,3,7,51,40,1110320,1,40,91,1,0.71875000,1
10,189.0000,4,2,10,1,3,5,25,60,1110346,1,60,85,1,0.53439153,1
6,67.0000,6,4,14,1,3,3,60,0,1110353,1,0,60,1,0.71641791,2
12,44.0000,1,5,15,0,2,5,0,0,1110387,1,0,0,1,0.90909091,1
4,29.0000,4,0,16,0,1,7,0,0,1110437,1,0,0,1,0.93103448,2
8,197.0000,6,3,14,1,5,7,40,30,1110486,1,30,70,0,0.43654822,1
12,218.0000,7,1,13,1,4,7,40,37,1110510,1,37,77,0,0.40366972,1
12,197.0000,0,0,18,1,3,10,55,36,1110528,1,36,91,0,0.37563452,1
10,91.0000,1,3,13,0,2,8,25,0,1110544,1,0,25,1,0.76923077,1
10,130.0000,4,2,10,1,2,6,0,40,1110585,1,40,40,0,0.46923077,1
10,35.0000,0,10,14,0,2,4,0,0,1110593,1,0,0,1,0.77142857,2
10,224.0000,2,6,14,0,2,5,30,0,1110650,1,0,30,1,0.85267857,1
10,47.0000,0,2,12,0,1,5,0,32,1110718,1,32,32,1,0.65957447,1
10,39.0000,4,0,11,0,2,4,0,0,1110759,1,0,0,1,0.89743590,1
12,114.0000,3,0,10,1,4,7,40,40,1110767,1,40,80,0,0.44736842,1
10,38.0000,0,3,12,1,1,2,0,30,1110791,1,30,30,0,0.26315789,1
12,127.0000,2,3,14,0,2,5,50,40,1110833,1,40,90,0,0.30708661,1
12,292.0000,8,0,8,1,4,5,40,40,1110841,1,40,80,1,0.52054795,1
8,206.0000,9,11,14,1,2,6,43,36,1110874,1,36,79,1,0.59223301,1
8,39.0000,6,0,10,0,1,4,0,40,1110890,1,40,40,1,0.97435897,1
14,56.0000,0,0,14,0,3,8,40,43,1110916,1,43,83,1,0.87500000,1
14,101.0000,0,0,19,2,3,6,0,30,1110973,1,30,30,1,0.74257426,1
10,8.0000,0,0,11,0,1,4,0,0,1110981,1,0,0,1,0.87500000,1
11,171.0000,2,2,15,0,5,5,40,0,1111039,1,0,40,1,1.00000000,1
14,117.0000,0,1,15,0,6,7,40,30,1111047,1,30,70,1,0.85470085,1
10,77.0000,4,8,6,0,4,7,40,40,1111138,1,40,80,1,0.79220779,1
12,45.0000,0,1,15,1,2,7,45,47,1111146,1,47,92,1,0.75555556,1
8,29.0000,0,5,15,1,2,7,50,46,1111211,1,46,96,0,0.41379310,1
11,494.0000,0,0,9,1,2,7,45,30,1111229,1,30,75,0,0.49392713,1
4,34.0000,0,1,9,0,1,4,47,0,1111237,1,0,47,0,0.38235294,2
12,204.0000,7,5,16,2,3,7,50,24,1111245,1,24,74,1,0.81372549,1
2,102.0000,8,6,8,0,1,1,0,0,1111252,1,0,0,1,0.93137255,2
10,78.0000,0,0,10,1,2,4,21,50,1111336,1,50,71,0,0.32051282,1
8,98.0000,13,0,13,0,1,2,0,9,1111344,1,9,9,1,0.89795918,1
14,110.0000,0,0,15,4,3,11,45,0,1111351,1,0,45,1,0.80909091,1
12,394.0000,8,29,11,1,4,6,40,30,1111435,1,30,70,0,0.48984772,1
10,15.0000,0,4,18,0,4,10,50,40,1111476,1,40,90,1,0.60000000,1
10,410.0000,6,2,13,1,4,5,40,30,1111492,1,30,70,0,0.27073171,1
10,63.0000,2,0,12,2,3,3,0,40,1111500,1,40,40,1,0.79365079,1
3,85.0000,3,9,7,0,2,4,0,20,1111526,1,20,20,1,0.89411765,2
9,116.0000,14,11,13,0,2,6,45,18,1111567,1,18,63,0,0.24137931,1
7,69.0000,0,0,14,2,2,5,0,75,1111617,1,75,75,1,0.76811594,1
12,390.0000,2,1,15,1,5,8,40,40,1111690,1,40,80,0,0.39487179,1
14,257.0000,0,0,12,0,4,6,0,40,1111732,1,40,40,1,0.78988327,1
14,141.0000,5,6,15,0,3,1,50,0,1111757,1,0,50,1,0.60283688,1
12,654.0000,1,6,11,2,3,12,50,0,1111765,1,0,50,1,0.77217125,1
10,83.0000,0,2,11,2,3,7,45,18,1111831,1,18,63,1,0.61445783,1
7,185.0000,0,0,13,9,3,3,50,40,1111856,1,40,90,1,0.89729730,2
12,67.0000,9,1,9,0,2,6,50,38,1111864,1,38,88,1,0.73134328,1
4,119.0000,6,0,11,0,1,5,0,36,1111880,1,36,36,1,0.87394958,2
10,88.0000,0,5,13,0,2,5,40,0,1111914,1,0,40,1,0.76136364,2
12,165.0000,0,5,11,1,5,11,50,10,1111963,1,10,60,1,0.90909091,1
13,65.0000,0,0,14,4,3,11,50,40,1112052,1,40,90,1,0.90769231,1
12,264.0000,0,0,15,0,3,9,50,40,1112078,1,40,90,1,0.70454545,1
12,362.0000,6,3,15,0,3,7,40,29,1112086,1,29,69,1,0.52762431,1
2,28.0000,6,4,6,0,1,3,0,1,1112128,1,1,1,1,0.82142857,2
12,168.0000,13,8,18,0,5,5,48,5,1112185,1,5,53,1,0.73214286,1
16,89.0000,0,0,19,2,5,11,40,8,1112193,1,8,48,1,0.83146067,1
12,102.0000,11,2,17,1,4,7,40,40,1112250,1,40,80,0,0.49019608,1
2,107.0000,3,0,11,0,3,2,0,17,1112300,1,17,17,1,0.88785047,2
10,200.0000,4,15,15,1,3,5,40,45,1112383,1,45,85,0,0.41000000,1
12,225.0000,12,16,11,1,4,7,50,0,1112482,1,0,50,0,0.47111111,1
8,141.0000,10,11,15,1,1,12,40,0,1112490,1,0,40,1,0.66666667,1
2,100.0000,4,33,10,0,1,3,0,0,1112508,1,0,0,1,0.71000000,2
2,102.0000,2,3,12,0,2,3,0,0,1112516,1,0,0,1,1.00000000,2
10,117.0000,5,38,10,0,2,7,0,0,1112557,1,0,0,1,0.74358974,1
12,284.0000,7,30,14,1,5,3,40,0,1112573,1,0,40,1,0.62676056,1
10,169.0000,13,0,19,0,4,4,40,0,1112615,1,0,40,1,0.78106509,1
8,332.0000,7,2,17,1,4,5,45,6,1112623,1,6,51,1,0.94879518,1
12,78.0000,0,11,12,0,2,3,0,0,1112664,1,0,0,1,0.55128205,2
14,141.0000,3,0,17,0,2,12,45,18,1112698,1,18,63,1,0.50354610,1
4,140.0000,0,30,10,0,1,4,0,36,1112706,1,36,36,1,0.73571429,2
8,212.0000,2,5,14,2,6,6,40,42,1112730,1,42,82,0,0.43867925,1
8,377.0000,7,4,14,1,3,5,40,5,1112748,1,5,45,1,0.74535809,1
6,381.0000,10,0,11,0,3,1,0,36,1112755,1,36,36,1,0.91601050,2
12,165.0000,0,1,15,0,3,4,40,40,1112813,1,40,80,0,0.41212121,1
14,110.0000,2,0,17,0,2,11,40,45,1112888,1,45,85,1,0.76363636,1
6,29.0000,0,3,14,0,2,7,0,48,1112938,1,48,48,1,0.68965517,1
13,219.0000,3,23,9,1,5,8,48,20,1112946,1,20,68,1,0.78995434,1
14,43.0000,0,0,16,1,4,6,40,40,1112961,1,40,80,1,0.74418605,1
14,243.0000,6,13,15,0,6,6,32,40,1113043,1,40,72,1,0.68724280,1
12,15.0000,1,1,17,0,2,9,0,20,1113076,1,20,20,1,0.66666667,1
14,205.0000,25,0,21,1,6,7,52,8,1113126,1,8,60,1,0.56097561,1
12,185.0000,0,11,16,1,2,11,40,0,1113134,1,0,40,0,0.44324324,1
12,127.0000,3,3,17,1,4,6,40,40,1113142,1,40,80,0,0.07874016,1
2,21.0000,2,0,4,0,1,1,0,0,1113167,1,0,0,1,0.95238095,2
8,138.0000,0,9,17,2,4,4,40,30,1113183,1,30,70,1,0.71739130,1
10,150.0000,19,1,13,0,2,5,45,0,1113209,1,0,45,1,0.74666667,1
12,61.0000,0,6,13,0,2,11,45,20,1113217,1,20,65,1,0.72131148,1
10,44.0000,1,0,15,0,4,8,50,40,1113225,1,40,90,1,0.68181818,1
12,382.0000,0,26,9,2,5,8,46,30,1113241,1,30,76,1,0.68062827,1
16,140.0000,2,4,15,4,2,9,60,40,1113290,1,40,100,1,0.59285714,2
10,127.0000,12,2,16,0,2,4,0,0,1113340,1,0,0,1,0.74015748,1
6,4.0000,0,0,14,1,2,6,0,41,1113357,1,41,41,0,0.25000000,2
12,121.0000,5,1,8,0,2,10,0,45,1113381,1,45,45,1,0.85123967,1
12,187.0000,0,0,11,0,5,5,40,0,1113456,1,0,40,1,0.78609626,1
10,238.0000,7,5,17,0,4,5,40,36,1113472,1,36,76,1,0.80252101,1
14,123.0000,10,0,17,0,5,6,40,55,1113498,1,55,95,1,0.87804878,1
8,26.0000,0,1,6,0,1,4,0,0,1113514,1,0,0,1,0.76923077,1
14,262.0000,4,7,16,2,4,10,45,40,1113522,1,40,85,0,0.35496183,1
10,130.0000,2,4,13,2,3,7,40,40,1113548,1,40,80,0,0.36153846,1
8,176.0000,0,6,15,0,6,6,45,0,1113563,1,0,45,1,0.64204545,1
12,222.0000,7,10,11,0,2,3,0,0,1113613,1,0,0,1,0.68918919,1
9,180.0000,4,7,13,1,2,6,40,40,1113746,1,40,80,1,0.88888889,1
8,28.0000,5,0,12,0,2,2,0,0,1113753,1,0,0,1,0.92857143,1
8,68.0000,1,1,16,0,4,8,40,40,1113803,1,40,80,1,0.54411765,1
14,136.0000,4,17,13,3,2,8,47,47,1113811,1,47,94,1,0.96323529,1
8,265.0000,0,15,15,0,2,5,0,60,1113852,1,60,60,0,0.49056604,1
14,111.0000,0,0,18,2,6,11,55,20,1113860,1,20,75,1,0.89189189,1
14,40.0000,0,3,19,0,4,12,0,34,1113894,1,34,34,0,0.50000000,1
2,147.0000,0,8,8,0,1,5,0,45,1113936,1,45,45,1,0.62585034,2
12,195.0000,0,9,18,0,2,10,43,0,1113969,1,0,43,1,0.88717949,1
2,9.0000,0,0,10,0,1,4,0,40,1114017,1,40,40,1,0.66666667,2
11,90.0000,0,2,17,2,2,3,0,40,1114041,1,40,40,0,0.34444444,2
8,26.0000,1,2,12,0,1,3,0,40,1114058,1,40,40,1,0.53846154,1
14,253.0000,2,0,21,3,5,13,60,0,1114082,1,0,60,1,0.73913043,1
14,55.0000,0,5,17,2,2,5,40,40,1114090,1,40,80,1,0.58181818,1
10,86.0000,0,5,14,1,3,7,40,40,1114132,1,40,80,1,0.91860465,1
10,102.0000,5,0,8,0,2,3,0,0,1114140,1,0,0,1,0.97058824,1
12,238.0000,6,36,19,1,2,9,25,40,1114173,1,40,65,0,0.32773109,1
8,136.0000,0,2,10,0,4,6,9,0,1114181,1,0,9,1,0.79411765,1
10,70.0000,4,4,14,0,2,9,40,0,1114256,1,0,40,1,0.84285714,1
7,100.0000,3,0,13,2,2,5,40,40,1114264,1,40,80,1,0.89000000,2
10,80.0000,5,5,15,2,3,9,40,40,1114280,1,40,80,1,0.63750000,1
14,41.0000,7,0,15,0,5,10,50,16,1114298,1,16,66,1,0.82926829,1
12,131.0000,4,24,16,1,3,9,55,35,1114322,1,35,90,1,1.00000000,1
12,124.0000,14,18,16,1,2,7,40,0,1114330,1,0,40,1,0.75806452,1
14,246.0000,3,0,13,0,4,5,40,30,1114348,1,30,70,1,0.52439024,1
13,309.0000,9,12,11,0,2,4,18,40,1114405,1,40,58,1,0.93527508,1
14,256.0000,3,26,18,0,2,7,40,28,1114413,1,28,68,0,0.44531250,1
12,108.0000,8,5,17,1,3,10,45,0,1114421,1,0,45,1,0.93518519,1
14,54.0000,8,1,14,0,2,5,40,25,1114447,1,25,65,1,0.55555556,1
12,100.0000,2,6,13,0,2,8,40,40,1114454,1,40,80,0,0.42000000,1
2,222.0000,0,3,19,0,3,3,0,40,1114520,1,40,40,1,0.59009009,2
11,276.0000,5,9,14,2,5,7,72,20,1114546,1,20,92,1,0.65579710,1
9,101.0000,3,0,13,1,2,6,40,38,1114561,1,38,78,0,0.44554455,1
12,51.0000,4,0,9,0,2,2,35,40,1114587,1,40,75,1,0.86274510,1
6,31.0000,0,0,10,1,1,2,0,0,1114611,1,0,0,1,0.67741935,1
12,152.0000,8,1,18,0,5,4,40,0,1114637,1,0,40,1,0.91447368,1
8,47.0000,8,2,13,2,2,3,40,45,1114652,1,45,85,1,0.80851064,2
12,17.0000,5,0,14,0,2,5,40,40,1114694,1,40,80,1,0.70588235,1
12,103.0000,1,5,17,1,3,8,40,42,1114710,1,42,82,0,0.17475728,1
8,233.0000,10,1,12,0,2,6,0,0,1114736,1,0,0,1,0.98712446,1
10,300.0000,8,39,12,0,2,7,40,20,1114751,1,20,60,1,0.75000000,1
8,86.0000,10,0,14,0,3,3,0,40,1114785,1,40,40,1,0.80232558,2
12,205.0000,19,14,13,0,4,6,41,40,1114801,1,40,81,0,0.38048780,1
12,333.0000,4,0,12,0,4,4,20,40,1114827,1,40,60,1,0.54654655,1
10,111.0000,12,2,13,3,1,4,0,21,1114835,1,21,21,1,0.67567568,1
11,214.0000,0,4,16,0,3,5,45,16,1114850,1,16,61,1,0.58878505,1
14,117.0000,11,6,16,0,3,6,50,30,1114900,1,30,80,1,0.64102564,2
9,114.0000,14,10,16,0,2,5,0,0,1114918,1,0,0,0,0.16666667,1
8,30.0000,2,3,16,0,1,3,0,40,1114934,1,40,40,1,0.90000000,2
14,199.0000,8,6,14,0,5,9,40,40,1114959,1,40,80,1,0.86934673,1
12,142.0000,0,3,16,0,5,7,45,40,1114975,1,40,85,0,0.49295775,1
12,91.0000,4,1,16,0,3,10,50,40,1114983,1,40,90,0,0.48351648,1
6,27.0000,0,0,8,2,1,3,0,0,1114991,1,0,0,1,0.85185185,1
10,283.0000,3,6,6,1,3,5,40,40,1115022,1,40,80,1,0.81978799,1
12,108.0000,0,1,15,3,3,4,20,30,1115048,1,30,50,0,0.36111111,1
8,29.0000,2,0,17,1,2,7,40,40,1115055,1,40,80,1,0.65517241,1
14,100.0000,6,4,13,1,2,3,0,40,1115071,1,40,40,1,0.90000000,1
10,111.0000,2,6,15,1,2,2,0,40,1115089,1,40,40,1,0.56756757,1
4,127.0000,0,0,8,0,2,2,0,0,1115097,1,0,0,1,0.76377953,2
10,695.0000,0,0,13,2,4,8,50,40,1115105,1,40,90,0,0.47625899,1
2,87.0000,0,0,12,0,3,6,0,40,1115204,1,40,40,1,0.75862069,2
12,306.0000,0,0,13,0,4,3,35,35,1115295,1,35,70,1,0.53594771,1
5,71.0000,8,1,8,0,1,4,0,0,1115303,1,0,0,1,1.00000000,2
4,83.0000,0,0,9,0,2,6,0,40,1115345,1,40,40,1,0.56626506,2
6,53.0000,0,1,12,1,1,4,0,42,1115352,1,42,42,0,0.41509434,1
6,47.0000,2,18,10,0,1,2,0,0,1115360,1,0,0,1,0.85106383,2
14,311.0000,4,6,13,1,5,11,50,25,1115428,1,25,75,1,0.64630225,1
8,91.0000,0,2,15,0,2,6,32,40,1115493,1,40,72,1,0.53846154,1
10,152.0000,7,5,19,0,2,8,32,40,1115550,1,40,72,0,0.48026316,1
14,209.0000,0,1,18,0,5,4,51,0,1115576,1,0,51,1,0.61244019,1
10,474.0000,24,13,14,1,2,7,40,0,1115584,1,0,40,1,0.75738397,2
10,271.0000,10,26,11,0,2,11,45,45,1115592,1,45,90,1,0.83394834,1
14,120.0000,3,17,17,0,2,6,45,42,1115626,1,42,87,1,0.57500000,1
14,189.0000,7,6,10,0,7,4,48,7,1115634,1,7,55,1,0.75661376,1
11,260.0000,2,3,13,0,5,3,40,40,1115667,1,40,80,0,0.38076923,1
8,85.0000,0,0,14,0,2,3,0,20,1115691,1,20,20,1,0.72941176,1
2,127.0000,0,6,8,0,1,2,0,0,1115717,1,0,0,1,0.87401575,2
9,143.0000,0,0,16,0,6,5,70,35,1115758,1,35,105,0,0.13286713,2
12,279.0000,0,0,16,1,3,13,60,30,1115782,1,30,90,1,0.74551971,1
16,120.0000,4,4,17,0,4,9,40,20,1115923,1,20,60,1,0.80000000,1
14,239.0000,15,47,19,0,2,6,0,0,1115949,1,0,0,1,0.88702929,1
8,18.0000,0,1,12,1,1,5,0,40,1115964,1,40,40,0,0.50000000,1
12,163.0000,6,2,17,1,3,5,50,35,1115972,1,35,85,1,0.68098160,1
14,321.0000,4,2,16,3,5,8,58,47,1115998,1,47,105,1,0.84735202,1
12,37.0000,0,4,15,1,2,12,40,50,1116004,1,50,90,1,0.72972973,1
11,101.0000,6,0,17,0,3,6,50,40,1116012,1,40,90,0,0.27722772,1
10,75.0000,8,19,15,1,4,10,40,25,1116053,1,25,65,1,0.89333333,1
8,52.0000,1,2,9,0,1,6,40,0,1116061,1,0,40,1,0.69230769,1
12,177.0000,4,0,17,1,3,12,60,0,1116079,1,0,60,1,0.51412429,1
10,40.0000,0,0,7,1,3,3,0,25,1116111,1,25,25,1,0.67500000,1
2,122.0000,0,7,9,0,1,2,0,0,1116194,1,0,0,1,0.96721311,2
2,19.0000,4,2,4,0,1,1,0,0,1116228,1,0,0,1,1.00000000,2
10,215.0000,0,6,10,1,4,6,50,15,1116319,1,15,65,1,0.84186047,1
8,126.0000,15,7,12,1,1,2,0,0,1116335,1,0,0,1,0.93650794,1
14,141.0000,7,0,12,1,3,6,40,40,1116368,1,40,80,0,0.11347518,1
10,114.0000,16,1,17,0,4,8,44,20,1116418,1,20,64,1,0.85964912,1
11,140.0000,6,3,7,1,2,3,0,0,1116509,1,0,0,1,0.80000000,1
6,57.0000,5,3,11,0,1,3,0,28,1116517,1,28,28,1,0.96491228,2
14,26.0000,0,3,13,0,2,7,45,40,1116533,1,40,85,1,0.76923077,1
14,90.0000,2,0,14,1,6,11,60,20,1116608,1,20,80,1,0.68888889,1
7,48.0000,0,0,11,0,1,5,0,40,1116616,1,40,40,1,0.62500000,2
10,193.0000,0,0,12,0,6,8,40,25,1116632,1,25,65,1,0.85492228,1
14,333.0000,0,1,15,2,6,6,50,0,1116640,1,0,50,0,0.13513514,1
8,218.0000,0,21,12,1,4,6,50,24,1116681,1,24,74,1,0.65137615,1
14,374.0000,0,8,19,1,7,7,43,0,1116699,1,0,43,1,0.54812834,1
10,119.0000,5,13,17,0,2,4,0,40,1116756,1,40,40,0,0.43697479,1
14,35.0000,0,0,12,0,2,4,0,0,1116871,1,0,0,1,0.68571429,1
8,85.0000,0,0,9,2,2,5,0,52,1116939,1,52,52,0,0.48235294,1
12,218.0000,0,0,17,0,2,5,0,0,1116962,1,0,0,1,0.86238532,1
6,917.0000,3,2,8,0,5,3,42,25,1116970,1,25,67,1,0.66739368,2
12,160.0000,7,0,19,1,3,6,60,20,1116996,1,20,80,1,0.60000000,1
16,234.0000,2,0,21,1,4,7,50,0,1117077,1,0,50,0,0.44017094,1
8,277.0000,7,2,14,0,6,4,70,40,1117085,1,40,110,1,0.67148014,1
13,146.0000,0,0,16,0,3,11,55,40,1117093,1,40,95,1,0.60273973,1
12,245.0000,0,1,14,1,2,6,40,20,1117143,1,20,60,1,0.66122449,1
14,319.0000,10,10,15,2,3,7,0,35,1117150,1,35,35,1,0.61755486,1
2,130.0000,26,20,9,1,5,1,50,20,1117192,1,20,70,1,0.90769231,2
10,180.0000,6,11,4,0,1,2,0,0,1117226,1,0,0,1,0.68333333,1
12,100.0000,4,7,14,0,1,5,0,0,1117259,1,0,0,1,0.73000000,1
2,34.0000,0,0,12,0,1,5,0,0,1117275,1,0,0,1,0.88235294,2
13,271.0000,6,2,17,1,5,7,55,17,1117325,1,17,72,1,0.78966790,1
12,225.0000,0,0,15,2,2,7,58,40,1117333,1,40,98,0,0.38222222,1
7,33.0000,0,0,13,0,1,4,0,40,1117366,1,40,40,1,0.63636364,1
13,150.0000,2,2,15,1,5,6,40,20,1117374,1,20,60,1,0.72666667,1
5,38.0000,3,0,7,0,1,1,0,0,1117424,1,0,0,1,0.84210526,1
9,82.0000,1,2,11,0,2,4,0,30,1117473,1,30,30,1,0.76829268,1
2,88.0000,4,2,4,0,1,1,0,0,1117580,1,0,0,1,0.76136364,2
10,31.0000,3,0,9,1,2,5,0,0,1117606,1,0,0,1,0.87096774,1
12,148.0000,2,4,15,1,2,4,0,37,1117648,1,37,37,1,0.68918919,1
10,106.0000,4,1,9,0,6,2,40,0,1117671,1,0,40,1,0.67924528,2
9,178.0000,0,7,11,1,2,7,50,30,1117689,1,30,80,0,0.35393258,1
12,194.0000,1,5,17,1,4,7,40,40,1117804,1,40,80,0,0.27319588,1
10,146.0000,0,4,10,2,4,4,60,40,1117812,1,40,100,1,0.65068493,1
12,120.0000,0,0,17,1,2,11,50,20,1117838,1,20,70,1,0.90833333,1
11,132.0000,4,0,18,1,4,5,45,50,1117853,1,50,95,0,0.48484848,1
11,282.0000,8,0,13,0,5,6,52,40,1117879,1,40,92,0,0.33687943,1
13,178.0000,3,3,13,0,5,5,45,25,1117887,1,25,70,1,0.59550562,1
14,207.0000,17,0,16,3,6,9,40,30,1117895,1,30,70,1,0.67149758,1
12,58.0000,7,11,15,0,2,8,40,0,1117903,1,0,40,1,0.55172414,1
9,72.0000,1,1,17,2,1,5,0,37,1117929,1,37,37,1,0.77777778,2
10,146.0000,0,0,17,1,7,6,48,40,1117952,1,40,88,0,0.34931507,1
7,151.0000,3,0,11,1,3,5,0,40,1117978,1,40,40,1,0.50331126,1
12,23.0000,0,1,15,0,1,2,0,0,1118018,1,0,0,1,0.78260870,1
10,345.0000,3,1,14,0,2,5,60,0,1118026,1,0,60,1,0.86376812,1
8,103.0000,11,0,14,0,2,4,0,2,1118034,1,2,2,1,0.54368932,1
10,184.0000,6,6,21,1,2,8,50,0,1118067,1,0,50,1,0.73369565,1
10,116.0000,6,1,14,0,2,1,24,0,1118091,1,0,24,1,0.86206897,1
16,231.0000,4,19,13,1,2,4,50,35,1118109,1,35,85,1,0.80086580,1
12,127.0000,3,0,9,0,2,3,0,0,1118125,1,0,0,1,0.71653543,1
7,252.0000,6,0,14,2,5,6,45,40,1118158,1,40,85,1,0.63095238,1
11,163.0000,0,8,17,1,5,9,40,24,1118182,1,24,64,1,0.73619632,1
12,292.0000,8,3,15,0,4,6,40,40,1118232,1,40,80,1,0.56849315,1
10,66.0000,2,0,7,0,2,8,45,40,1118240,1,40,85,1,0.90909091,1
8,87.0000,3,4,7,1,2,5,0,37,1118281,1,37,37,1,0.78160920,1
12,106.0000,7,3,12,0,2,8,0,0,1118299,1,0,0,1,0.67924528,1
12,142.0000,12,60,13,2,3,4,50,30,1118315,1,30,80,1,0.92253521,1
10,181.0000,0,0,15,2,5,9,35,38,1118323,1,38,73,1,0.70165746,1
12,26.0000,0,1,14,1,1,6,0,54,1118398,1,54,54,1,0.53846154,1
10,99.0000,0,0,18,1,4,8,50,47,1118406,1,47,97,1,0.52525253,1
2,13.0000,1,1,12,0,1,6,0,20,1118448,1,20,20,1,0.84615385,2
10,58.0000,2,1,12,2,2,3,0,0,1118455,1,0,0,1,0.79310345,1
12,61.0000,5,0,15,1,1,5,0,40,1118489,1,40,40,1,0.62295082,1
8,100.0000,0,1,14,3,3,5,0,32,1118505,1,32,32,1,0.59000000,1
12,254.0000,4,8,10,1,4,4,40,0,1118562,1,0,40,1,0.75984252,1
7,221.0000,8,0,15,1,4,6,42,40,1118612,1,40,82,0,0.29864253,1
10,188.0000,18,30,16,0,4,7,40,25,1118620,1,25,65,1,0.57446809,1
10,103.0000,0,13,15,1,3,5,40,40,1118646,1,40,80,0,0.24271845,1
4,179.0000,10,12,12,0,1,3,0,15,1118679,1,15,15,1,0.94413408,2
12,189.0000,3,5,17,0,2,8,40,40,1118695,1,40,80,1,0.66137566,1
15,172.0000,4,2,16,0,3,6,51,40,1118778,1,40,91,0,0.49418605,1
12,82.0000,3,3,15,1,2,11,60,0,1118794,1,0,60,1,0.96341463,1
12,436.0000,2,11,16,0,5,8,50,17,1118810,1,17,67,1,0.64449541,1
8,160.0000,0,3,16,0,2,9,40,0,1118828,1,0,40,0,0.39375000,1
10,777.0000,5,2,13,1,5,6,40,38,1118844,1,38,78,1,0.59588160,1
10,170.0000,0,7,12,1,3,6,40,40,1118851,1,40,80,1,0.52352941,1
14,247.0000,0,1,17,0,4,6,0,42,1118869,1,42,42,1,0.73279352,1
10,37.0000,1,0,13,0,3,2,0,35,1118877,1,35,35,1,0.83783784,2
12,574.0000,1,2,17,1,3,8,40,30,1118919,1,30,70,1,0.67073171,1
6,146.0000,2,7,10,1,1,4,0,0,1118927,1,0,0,1,0.63698630,1
8,147.0000,0,12,16,1,3,7,65,40,1118943,1,40,105,1,0.63945578,1
12,245.0000,11,2,13,2,4,4,40,0,1118992,1,0,40,0,0.48163265,1
8,81.0000,1,0,11,2,4,5,40,0,1119032,1,0,40,1,0.88888889,3
8,178.0000,2,2,13,4,3,7,0,45,1119057,1,45,45,1,0.64044944,1
6,153.0000,1,14,5,0,2,2,0,0,1119081,1,0,0,1,0.93464052,1
12,140.0000,8,0,14,0,2,6,0,14,1119156,1,14,14,1,0.65000000,1
14,103.0000,3,0,13,0,1,3,0,0,1119164,1,0,0,1,0.94174757,1
14,107.0000,3,0,19,1,3,9,55,0,1119172,1,0,55,1,0.55140187,1
12,232.0000,0,0,8,0,2,8,60,0,1119180,1,0,60,1,0.81896552,1
12,152.0000,0,1,15,2,3,11,40,40,1119198,1,40,80,1,0.76315789,1
12,282.0000,4,1,13,1,3,5,45,0,1119214,1,0,45,0,0.24468085,1
14,167.0000,4,6,7,1,4,4,40,0,1119222,1,0,40,1,0.74251497,1
7,135.0000,0,0,9,3,1,5,0,40,1119263,1,40,40,0,0.37777778,2
14,98.0000,0,0,12,2,1,7,0,0,1119271,1,0,0,1,0.84693878,1
8,189.0000,8,4,12,2,5,3,40,20,1119289,1,20,60,1,0.75132275,2
8,140.0000,7,2,16,1,5,6,45,0,1119362,1,0,45,1,0.83571429,2
2,68.0000,0,0,5,0,1,1,0,0,1119388,1,0,0,1,0.89705882,2
7,233.0000,5,1,14,1,2,3,40,0,1119438,1,0,40,1,0.93991416,1
14,78.0000,2,0,17,1,4,11,40,0,1119453,1,0,40,1,0.71794872,1
12,111.0000,2,8,14,0,1,2,0,0,1119487,1,0,0,1,0.65765766,1
10,92.0000,12,13,7,2,3,8,0,0,1119495,1,0,0,1,0.61956522,3
10,121.0000,2,5,9,0,1,2,0,0,1119503,1,0,0,1,0.77685950,1
12,258.0000,2,0,12,0,4,6,40,0,1119511,1,0,40,1,0.73255814,1
2,56.0000,3,4,6,0,1,2,0,0,1119529,1,0,0,1,0.83928571,2
12,81.0000,9,3,12,0,2,5,0,0,1119537,1,0,0,1,1.00000000,1
9,39.0000,0,0,5,0,2,2,0,0,1119545,1,0,0,1,0.69230769,1
11,289.0000,2,7,16,0,5,6,42,0,1119560,1,0,42,1,0.75086505,1
13,107.0000,1,9,14,2,2,5,0,0,1119578,1,0,0,1,0.84112150,1
7,67.0000,3,0,16,0,1,2,0,40,1119610,1,40,40,1,0.71641791,2
10,109.0000,6,1,8,2,2,4,0,40,1119628,1,40,40,1,0.83486239,1
10,68.0000,0,2,8,1,2,5,40,0,1119651,1,0,40,1,0.75000000,1
6,111.0000,0,2,12,0,4,3,0,40,1119701,1,40,40,1,0.71171171,2
14,128.0000,7,1,16,0,4,7,40,5,1119735,1,5,45,1,0.78906250,1
13,104.0000,0,2,16,1,4,6,40,32,1119859,1,32,72,1,0.56730769,1
8,257.0000,3,5,11,2,5,7,40,0,1119875,1,0,40,1,0.80544747,1
12,190.0000,3,0,8,3,5,5,42,0,1119891,1,0,42,1,0.88421053,1
9,74.0000,5,23,12,0,2,6,48,0,1119925,1,0,48,1,0.87837838,1
6,149.0000,1,0,14,1,1,4,0,0,1119958,1,0,0,1,0.80536913,1
12,118.0000,3,1,19,1,4,7,40,40,1120014,1,40,80,0,0.35593220,1
12,54.0000,3,7,15,1,4,9,40,40,1120063,1,40,80,1,0.62962963,1
6,116.0000,2,1,18,0,2,4,0,0,1120105,1,0,0,1,0.72413793,2
12,110.0000,0,0,15,0,2,8,40,40,1120147,1,40,80,0,0.38181818,1
9,240.0000,0,0,13,0,5,5,40,0,1120154,1,0,40,0,0.24166667,1
12,230.0000,2,0,14,1,7,8,40,0,1120170,1,0,40,0,0.48260870,1
4,66.0000,0,1,10,0,2,1,0,40,1120204,1,40,40,1,0.83333333,2
12,336.0000,4,3,14,1,6,6,40,24,1120220,1,24,64,1,0.89583333,1
9,149.0000,6,7,17,2,6,11,45,37,1120238,1,37,82,1,0.61744966,1
10,13.0000,0,0,9,0,1,4,0,0,1120246,1,0,0,1,0.69230769,1
10,163.0000,0,0,15,0,4,3,0,40,1120329,1,40,40,1,0.50306748,1
14,131.0000,0,0,15,0,3,12,40,25,1120337,1,25,65,1,0.85496183,1
10,45.0000,3,0,11,0,2,5,50,0,1120345,1,0,50,1,0.82222222,1
14,79.0000,0,0,17,3,5,9,70,0,1120394,1,0,70,1,0.59493671,1
10,106.0000,7,0,19,1,5,6,40,36,1120410,1,36,76,1,0.84905660,1
9,125.0000,1,3,13,2,4,9,50,36,1120436,1,36,86,1,0.84800000,1
7,167.0000,0,3,12,0,3,6,0,25,1120477,1,25,25,1,0.91616766,1
16,202.0000,0,0,7,0,2,4,0,0,1120519,1,0,0,1,0.80693069,1
11,458.0000,7,0,19,2,2,10,0,40,1120584,1,40,40,0,0.42139738,1
10,285.0000,0,2,12,1,4,10,0,35,1120592,1,35,35,0,0.15087719,1
2,67.0000,0,0,12,0,1,7,0,0,1120600,1,0,0,1,0.83582090,2
8,84.0000,9,1,13,0,1,2,0,40,1120618,1,40,40,0,0.48809524,1
4,28.0000,1,4,11,1,2,10,40,40,1120626,1,40,80,1,0.78571429,2
11,123.0000,7,0,10,1,3,4,35,10,1120691,1,10,45,1,0.52032520,1
12,104.0000,0,6,12,1,2,10,0,45,1120717,1,45,45,0,0.33653846,1
14,193.0000,0,2,14,0,6,5,60,0,1120733,1,0,60,1,0.81347150,1
6,171.0000,2,0,14,0,5,8,50,60,1120758,1,60,110,1,0.68421053,1
14,113.0000,0,6,15,0,4,6,45,30,1120766,1,30,75,1,0.82300885,1
8,136.0000,3,5,12,0,2,5,40,40,1120832,1,40,80,1,0.70588235,1
4,100.0000,4,2,11,1,1,2,0,25,1120840,1,25,25,1,0.74000000,2
4,136.0000,0,2,9,0,1,13,0,0,1120915,1,0,0,1,0.98529412,1
15,53.0000,2,2,18,0,5,5,70,0,1120931,1,0,70,0,0.45283019,1
6,10.0000,0,0,10,0,1,5,70,0,1120956,1,0,70,1,0.90000000,1
10,150.0000,0,4,12,0,3,8,40,40,1120980,1,40,80,1,0.62000000,1
12,28.0000,6,4,16,0,3,6,40,40,1120998,1,40,80,1,1.00000000,1
10,179.0000,5,0,16,0,3,11,40,40,1121004,1,40,80,1,0.89944134,1
6,128.0000,2,8,8,0,3,4,40,40,1121046,1,40,80,1,0.61718750,1
10,130.0000,9,12,9,0,3,3,0,0,1121053,1,0,0,0,0.26923077,1
12,26.0000,0,1,15,0,1,3,0,40,1121061,1,40,40,1,0.57692308,2
13,86.0000,0,1,15,0,4,12,40,14,1121079,1,14,54,1,0.68604651,1
14,392.0000,12,0,18,1,3,3,0,40,1121103,1,40,40,0,0.26530612,1
9,125.0000,2,13,16,0,4,6,40,40,1121111,1,40,80,0,0.40000000,1
12,170.0000,18,0,17,0,5,5,0,42,1121194,1,42,42,1,0.52352941,1
12,59.0000,5,5,16,0,6,5,40,8,1121236,1,8,48,0,0.35593220,1
10,170.0000,6,0,13,1,4,3,45,0,1121251,1,0,45,1,0.58823529,1
12,107.0000,6,0,12,0,2,5,0,0,1121269,1,0,0,1,0.70093458,1
2,14.0000,0,2,10,0,1,4,0,0,1121293,1,0,0,1,0.64285714,2
14,253.0000,2,0,9,1,2,6,50,40,1121319,1,40,90,1,0.56916996,1
12,129.0000,3,1,16,0,2,12,45,40,1121327,1,40,85,1,0.62015504,1
9,200.0000,5,16,13,1,5,6,40,42,1121376,1,42,82,1,0.66000000,1
14,161.0000,2,8,17,5,3,5,50,0,1121434,1,0,50,1,0.73913043,1
8,44.0000,8,0,14,1,1,3,0,40,1121467,1,40,40,1,0.61363636,1
12,145.0000,8,12,18,1,5,6,50,30,1121541,1,30,80,1,0.77931034,1
13,89.0000,6,10,14,0,2,5,0,0,1121566,1,0,0,1,0.89887640,1
5,64.0000,5,0,13,0,1,4,0,40,1121665,1,40,40,1,0.76562500,2
15,62.0000,0,0,17,1,2,12,50,0,1121681,1,0,50,1,0.79032258,3
8,28.0000,0,0,13,2,3,6,50,20,1121715,1,20,70,1,0.67857143,1
4,37.0000,1,1,14,0,1,1,0,0,1121731,1,0,0,1,0.59459459,2
7,117.0000,0,2,14,1,2,7,40,40,1121749,1,40,80,1,0.64102564,1
15,104.0000,9,6,19,1,4,13,60,24,1121822,1,24,84,1,0.91346154,1
12,160.0000,0,3,13,4,3,5,0,8,1121830,1,8,8,1,0.83125000,1
9,118.0000,0,0,15,0,3,3,30,0,1121897,1,0,30,1,0.72033898,1
8,177.0000,0,1,14,2,2,11,40,40,1121913,1,40,80,1,0.82485876,1
12,73.0000,0,0,14,0,3,3,0,40,1121988,1,40,40,1,0.68493151,1
15,65.0000,1,11,17,1,3,10,40,40,1122010,1,40,80,0,0.43076923,1
10,92.0000,1,9,14,1,2,7,40,40,1122036,1,40,80,0,0.42391304,1
12,50.0000,0,0,10,1,2,8,0,0,1122069,1,0,0,1,0.54000000,1
12,161.0000,1,1,17,1,2,10,50,45,1122093,1,45,95,0,0.27950311,1
10,435.0000,1,7,15,4,4,4,55,40,1122176,1,40,95,1,0.61609195,1
8,176.0000,8,15,14,0,1,5,0,0,1122242,1,0,0,0,0.28409091,1
14,103.0000,7,14,18,1,5,14,50,0,1122259,1,0,50,0,0.32038835,1
10,77.0000,1,0,8,0,2,12,8,0,1122267,1,0,8,0,0.16883117,1
6,263.0000,0,0,14,2,5,5,40,40,1122317,1,40,80,1,0.51711027,1
14,62.0000,11,2,16,0,7,5,40,0,1122366,1,0,40,1,0.77419355,1
14,103.0000,1,9,13,2,3,8,50,16,1122515,1,16,66,0,0.31067961,1
2,59.0000,2,0,4,0,1,2,0,0,1122556,1,0,0,1,0.93220339,2
8,54.0000,0,3,10,1,3,6,40,38,1122580,1,38,78,0,0.48148148,3
14,104.0000,0,2,18,1,5,12,40,40,1122622,1,40,80,0,0.34615385,1
2,81.0000,0,13,12,0,1,3,0,40,1122630,1,40,40,1,0.76543210,2
16,124.0000,5,0,15,1,5,7,55,40,1122648,1,40,95,1,0.52419355,1
10,85.0000,5,12,13,0,2,7,48,25,1122655,1,25,73,1,0.84705882,1
7,93.0000,0,0,13,2,2,7,50,40,1122663,1,40,90,1,0.86021505,2
9,88.0000,0,0,15,0,2,5,0,45,1122671,1,45,45,1,0.56818182,1
13,160.0000,6,0,11,1,5,4,45,0,1122770,1,0,45,1,0.64375000,2
9,90.0000,2,6,14,0,4,11,50,40,1122804,1,40,90,0,0.28888889,1
11,326.0000,8,22,17,0,2,7,40,20,1122812,1,20,60,1,0.74539877,1
12,57.0000,0,1,13,1,2,10,50,0,1122853,1,0,50,0,0.45614035,2
11,41.0000,0,6,12,0,1,8,0,0,1122861,1,0,0,1,0.75609756,1
4,60.0000,5,5,12,0,2,5,0,0,1122911,1,0,0,1,0.83333333,1
10,157.0000,0,0,10,0,3,8,40,40,1122945,1,40,80,0,0.21019108,1
9,182.0000,0,0,13,0,3,6,40,40,1122960,1,40,80,1,0.67582418,1
12,20.0000,1,1,15,1,2,2,0,0,1123000,1,0,0,1,0.85000000,1
14,78.0000,0,0,19,2,2,14,45,0,1123026,1,0,45,1,0.85897436,1
11,187.0000,0,3,10,0,6,8,50,40,1123034,1,40,90,1,0.58288770,2
10,78.0000,0,17,13,0,2,5,25,30,1123042,1,30,55,1,0.52564103,1
12,203.0000,5,5,13,1,5,5,40,50,1123059,1,50,90,0,0.41871921,1
12,105.0000,5,22,17,1,2,11,40,40,1123067,1,40,80,1,0.67619048,1
13,166.0000,1,1,14,0,2,6,45,26,1123075,1,26,71,1,0.56626506,1
14,85.0000,4,0,10,0,2,2,22,0,1123083,1,0,22,1,0.57647059,1
8,78.0000,4,4,12,0,2,6,0,0,1123117,1,0,0,0,0.48717949,1
14,37.0000,1,5,19,1,2,11,40,40,1123166,1,40,80,1,0.94594595,1
4,127.0000,3,5,10,0,2,4,0,40,1123174,1,40,40,1,0.55118110,1
12,106.0000,4,11,13,0,2,5,40,0,1123182,1,0,40,1,0.50943396,1
14,348.0000,2,0,17,0,4,7,45,15,1123190,1,15,60,1,0.57183908,1
4,52.0000,8,3,11,0,2,3,0,40,1123216,1,40,40,1,0.67307692,2
14,205.0000,7,3,15,1,4,6,44,40,1123224,1,40,84,0,0.09756098,1
12,318.0000,5,11,14,1,4,9,50,37,1123240,1,37,87,0,0.40566038,1
12,123.0000,7,1,13,0,5,3,40,25,1123281,1,25,65,1,0.77235772,1
12,187.0000,2,0,14,1,5,6,60,50,1123299,1,50,110,1,0.52941176,1
11,404.0000,0,5,15,0,5,8,58,35,1123307,1,35,93,1,0.74257426,1
12,141.0000,0,13,16,2,5,11,0,36,1123315,1,36,36,1,0.68085106,1
12,86.0000,0,4,13,1,3,8,42,40,1123323,1,40,82,1,0.59302326,1
12,157.0000,3,3,17,0,2,10,50,0,1123331,1,0,50,1,0.89171975,1
12,294.0000,13,5,14,1,3,7,40,40,1123364,1,40,80,1,0.72448980,1
10,196.0000,0,0,18,0,4,9,40,43,1123372,1,43,83,1,0.57653061,1
13,263.0000,4,5,12,0,5,5,40,0,1123430,1,0,40,1,0.96197719,1
10,80.0000,6,0,10,0,2,8,46,40,1123497,1,40,86,0,0.48750000,1
6,158.0000,0,0,14,1,2,6,40,40,1123505,1,40,80,0,0.33544304,2
12,133.0000,4,4,17,1,4,9,40,40,1123539,1,40,80,1,0.60902256,1
14,205.0000,6,0,14,0,3,4,60,50,1123547,1,50,110,1,0.71219512,1
11,191.0000,10,11,19,0,3,7,40,0,1123562,1,0,40,1,0.62303665,1
14,118.0000,3,3,12,1,3,6,45,40,1123596,1,40,85,0,0.38983051,1
12,184.0000,2,7,13,1,2,9,50,20,1123620,1,20,70,1,0.52173913,1
3,122.0000,4,0,6,0,2,3,0,40,1123638,1,40,40,1,0.81967213,2
12,104.0000,0,8,13,0,2,7,25,40,1123679,1,40,65,1,0.83653846,1
8,372.0000,7,0,14,1,6,5,45,35,1123778,1,35,80,1,0.63978495,1
12,74.0000,4,2,17,0,4,7,50,40,1123802,1,40,90,0,0.47297297,1
7,31.0000,3,1,11,3,1,3,0,24,1123828,1,24,24,1,0.64516129,1
10,150.0000,0,0,10,0,2,3,0,0,1123844,1,0,0,1,0.78000000,1
11,86.0000,6,2,17,0,3,12,60,45,1123885,1,45,105,0,0.11627907,1
12,80.0000,3,3,12,0,2,6,40,0,1123893,1,0,40,1,0.56250000,1
11,190.0000,0,0,16,1,2,8,40,40,1123901,1,40,80,1,0.70526316,1
10,119.0000,0,4,13,3,4,6,43,0,1123935,1,0,43,1,0.87394958,1
14,168.0000,2,0,15,4,4,10,0,40,1123943,1,40,40,1,0.54166667,1
12,210.0000,3,0,18,3,4,3,40,25,1123992,1,25,65,1,0.70952381,1
8,128.0000,8,11,8,1,2,5,15,5,1124008,1,5,20,1,0.94531250,1
8,172.0000,9,16,14,0,2,3,0,0,1124032,1,0,0,1,0.84302326,1
8,132.0000,3,3,10,0,2,3,0,29,1124040,1,29,29,1,0.64393939,2
9,131.0000,0,9,14,1,4,10,60,37,1124073,1,37,97,1,0.61832061,1
14,73.0000,3,0,10,0,1,2,0,0,1124172,1,0,0,1,0.69863014,1
4,239.0000,0,0,15,0,5,6,40,15,1124206,1,15,55,1,0.78242678,2
2,27.0000,0,0,11,0,1,2,0,0,1124248,1,0,0,1,0.74074074,2
10,115.0000,1,4,8,0,2,7,0,0,1124255,1,0,0,1,0.73913043,1
6,63.0000,0,2,9,0,1,3,0,0,1124271,1,0,0,1,0.76190476,2
7,104.0000,3,2,16,1,2,5,40,53,1124305,1,53,93,1,0.85576923,1
10,86.0000,3,26,11,0,2,2,0,0,1124313,1,0,0,1,0.89534884,1
8,138.0000,2,5,16,0,2,7,50,0,1124339,1,0,50,0,0.17391304,1
11,15.0000,0,0,12,0,1,3,0,0,1124362,1,0,0,0,0.26666667,3
11,66.0000,7,0,18,0,1,4,0,0,1124388,1,0,0,0,0.50000000,1
8,17.0000,0,0,8,0,1,4,0,42,1124446,1,42,42,0,0.35294118,2
14,50.0000,3,1,15,0,3,6,40,37,1124461,1,37,77,1,0.54000000,1
11,216.0000,3,3,14,1,4,8,40,40,1124495,1,40,80,1,0.84722222,1
12,103.0000,0,1,13,1,4,5,12,40,1124511,1,40,52,0,0.40776699,1
16,162.0000,0,0,17,1,4,11,40,15,1124552,1,15,55,1,0.85802469,1
12,88.0000,4,1,13,0,1,2,0,0,1124578,1,0,0,1,0.71590909,1
12,128.0000,0,1,12,1,2,5,0,40,1124594,1,40,40,1,0.56250000,2
10,52.0000,0,7,19,0,3,13,45,0,1124602,1,0,45,1,1.00000000,1
12,267.0000,0,3,16,1,3,6,50,0,1124610,1,0,50,1,0.71161049,1
10,41.0000,4,0,16,0,2,4,0,0,1124651,1,0,0,1,0.85365854,1
2,2.0000,0,0,10,0,1,4,0,40,1124677,1,40,40,1,1.00000000,2
14,47.0000,5,0,15,0,2,7,30,40,1124701,1,40,70,1,0.78723404,1
10,114.0000,10,21,13,0,4,4,0,25,1124792,1,25,25,1,0.70175439,1
10,114.0000,2,3,16,1,4,7,50,40,1124875,1,40,90,1,0.81578947,1
9,99.0000,1,2,13,0,1,4,0,0,1124883,1,0,0,1,0.72727273,1
13,81.0000,2,2,17,0,3,11,40,24,1124925,1,24,64,1,0.85185185,1
13,137.0000,2,4,21,0,3,7,50,40,1124966,1,40,90,0,0.41605839,1
14,455.0000,6,6,19,2,4,9,48,44,1124982,1,44,92,1,0.95604396,1
9,37.0000,0,0,17,1,2,11,40,40,1125088,1,40,80,0,0.43243243,1
8,312.0000,8,14,8,0,5,4,50,60,1125120,1,60,110,0,0.34615385,1
10,114.0000,1,0,13,3,2,3,0,40,1125153,1,40,40,1,0.94736842,1
9,123.0000,6,0,11,0,4,4,50,0,1125229,1,0,50,1,0.64227642,2
13,213.0000,0,4,12,1,4,9,50,40,1125245,1,40,90,1,0.50234742,1
14,176.0000,0,3,21,0,4,11,40,40,1125286,1,40,80,0,0.50000000,1
13,131.0000,4,1,17,1,2,6,40,40,1125302,1,40,80,1,0.50381679,1
6,192.0000,4,2,9,0,1,1,0,40,1125377,1,40,40,1,0.74479167,1
8,56.0000,6,4,13,0,1,6,0,0,1125393,1,0,0,1,0.82142857,1
12,397.0000,3,10,16,0,2,6,0,0,1125435,1,0,0,1,0.80856423,1
9,67.0000,9,0,15,1,4,6,40,40,1125468,1,40,80,1,0.83582090,2
10,186.0000,7,0,15,0,4,11,60,40,1125484,1,40,100,1,0.77419355,1
9,110.0000,3,3,11,1,4,4,40,0,1125526,1,0,40,1,0.79090909,1
12,68.0000,2,7,14,0,2,10,20,22,1125567,1,22,42,1,0.92647059,1
2,29.0000,0,1,11,0,1,2,0,40,1125575,1,40,40,1,0.96551724,2
12,68.0000,0,17,15,1,3,9,53,36,1125583,1,36,89,0,0.35294118,1
12,177.0000,5,5,19,1,4,6,40,28,1125591,1,28,68,1,0.80225989,1
12,94.0000,0,1,16,0,2,5,20,15,1125633,1,15,35,1,0.70212766,1
12,92.0000,0,0,16,0,4,9,40,0,1125641,1,0,40,0,0.40217391,1
14,141.0000,19,20,17,0,6,6,55,0,1125732,1,0,55,1,0.83687943,1
12,344.0000,6,0,10,1,4,5,40,40,1125757,1,40,80,1,0.92151163,1
7,491.0000,10,42,9,0,4,4,40,0,1125807,1,0,40,0,0.25458248,1
8,58.0000,0,2,17,0,3,7,40,40,1125815,1,40,80,1,0.65517241,1
8,97.0000,5,0,9,0,1,2,0,0,1125831,1,0,0,1,0.91752577,1
12,213.0000,2,1,17,0,4,6,40,36,1125849,1,36,76,1,0.55399061,1
6,155.0000,11,2,12,1,2,6,45,25,1125906,1,25,70,1,0.66451613,1
12,159.0000,5,7,16,1,4,5,60,20,1125922,1,20,80,1,0.51572327,1
9,781.0000,0,17,15,2,3,6,40,40,1125930,1,40,80,1,0.91933419,1
11,44.0000,2,0,11,0,1,4,0,0,1126060,1,0,0,1,0.68181818,1
15,170.0000,3,13,14,1,6,8,40,16,1126086,1,16,56,1,0.90000000,1
8,349.0000,2,24,17,0,5,5,40,0,1126144,1,0,40,0,0.18338109,1
6,74.0000,0,4,11,0,2,4,0,0,1126185,1,0,0,1,0.54054054,1
14,68.0000,1,0,16,0,5,8,60,15,1126193,1,15,75,1,0.80882353,1
12,213.0000,5,0,16,0,5,7,42,42,1126243,1,42,84,1,0.71361502,1
10,75.0000,0,2,12,0,2,10,40,47,1126268,1,47,87,0,0.49333333,1
2,104.0000,0,9,8,0,1,1,0,0,1126318,1,0,0,1,0.99038462,2
12,189.0000,6,1,14,1,4,5,40,40,1126367,1,40,80,1,0.93650794,1
12,161.0000,2,7,10,0,1,6,0,42,1126375,1,42,42,1,0.94409938,1
12,73.0000,0,0,18,0,2,3,0,0,1126441,1,0,0,1,0.57534247,1
6,59.0000,0,1,13,1,2,5,0,42,1126466,1,42,42,1,0.72881356,1
11,63.0000,11,6,18,0,3,5,10,0,1126482,1,0,10,1,0.95238095,1
9,73.0000,2,0,10,0,2,6,0,0,1126490,1,0,0,1,0.68493151,1
10,143.0000,5,7,15,2,4,6,45,0,1126607,1,0,45,1,0.93006993,1
12,77.0000,0,0,17,0,4,14,50,30,1126656,1,30,80,1,0.50649351,1
12,44.0000,1,11,15,0,2,4,0,0,1126664,1,0,0,1,0.75000000,1
12,200.0000,2,2,15,3,3,5,0,55,1126698,1,55,55,1,0.56500000,1
9,38.0000,0,0,9,2,1,1,0,0,1126706,1,0,0,1,0.78947368,3
8,152.0000,0,0,18,1,2,5,40,0,1126805,1,0,40,1,0.92763158,1
10,47.0000,0,0,11,2,2,3,0,0,1126813,1,0,0,1,0.89361702,1
2,82.0000,0,0,12,0,1,3,0,40,1126821,1,40,40,1,0.92682927,2
10,32.0000,0,0,13,1,4,10,80,45,1126847,1,45,125,0,0.37500000,2
10,20.0000,0,10,14,0,2,4,45,49,1126854,1,49,94,1,0.65000000,1
10,194.0000,2,0,12,0,4,7,40,58,1126946,1,58,98,0,0.42268041,1
10,31.0000,0,0,15,0,1,3,0,40,1126961,1,40,40,0,0.41935484,1
12,111.0000,9,6,19,1,4,11,40,0,1126987,1,0,40,1,0.84684685,1
9,159.0000,7,2,15,0,2,3,0,0,1127001,1,0,0,1,0.83647799,1
10,31.0000,0,2,15,0,1,4,0,0,1127084,1,0,0,1,0.83870968,1
14,30.0000,2,3,19,0,2,11,52,40,1127134,1,40,92,0,0.43333333,1
16,50.0000,0,1,18,0,4,9,40,40,1127167,1,40,80,1,0.88000000,1
5,37.0000,0,4,16,0,2,4,0,20,1127183,1,20,20,0,0.18918919,1
7,81.0000,0,0,12,1,2,7,0,58,1127191,1,58,58,0,0.43209877,1
9,126.0000,4,13,19,0,2,9,40,40,1127290,1,40,80,1,0.80158730,1
13,139.0000,0,0,15,2,3,9,45,25,1127357,1,25,70,1,0.89208633,1
14,217.0000,0,0,17,1,4,10,65,40,1127464,1,40,105,1,0.78341014,1
8,39.0000,0,0,17,1,2,4,0,40,1127498,1,40,40,0,0.43589744,1
14,184.0000,0,5,17,0,2,7,45,40,1127530,1,40,85,1,0.74456522,1
8,122.0000,6,16,10,1,3,3,40,25,1127563,1,25,65,1,0.62295082,1
11,121.0000,8,0,18,0,4,9,50,30,1127571,1,30,80,1,0.58677686,1
6,149.0000,0,0,13,0,2,9,55,50,1127621,1,50,105,0,0.23489933,1
2,79.0000,16,7,15,1,2,1,0,25,1127639,1,25,25,0,0.49367089,2
13,504.0000,11,16,13,1,6,6,45,0,1127647,1,0,45,1,0.76587302,1
18,79.0000,2,0,18,0,2,1,53,0,1127670,1,0,53,1,0.70886076,1
10,46.0000,1,3,16,0,3,7,60,38,1127738,1,38,98,1,0.56521739,1
11,6.0000,0,0,16,0,4,5,32,0,1127746,1,0,32,1,0.83333333,1
12,245.0000,10,3,17,0,4,9,60,40,1127761,1,40,100,1,0.64081633,1
11,402.0000,5,25,10,0,5,6,45,0,1127860,1,0,45,1,0.83333333,1
11,134.0000,0,9,14,0,2,3,45,2,1127902,1,2,47,1,0.91791045,1
13,76.0000,0,6,17,0,2,7,48,40,1127910,1,40,88,0,0.06578947,1
9,23.0000,0,0,15,1,1,6,0,40,1127985,1,40,40,0,0.21739130,1
8,129.0000,1,13,15,0,4,6,40,40,1128017,1,40,80,1,1.00000000,1
10,281.0000,0,2,20,0,2,14,55,0,1128041,1,0,55,1,0.77935943,1
16,99.0000,0,0,19,1,4,11,40,45,1128066,1,45,85,0,0.49494949,1
6,278.0000,0,0,12,2,5,9,38,40,1128082,1,40,78,0,0.39928058,1
13,310.0000,3,0,10,0,2,5,0,0,1128132,1,0,0,1,0.99677419,1
9,43.0000,0,0,11,1,1,5,0,36,1128140,1,36,36,1,0.93023256,1
10,131.0000,0,1,16,0,3,6,0,40,1128173,1,40,40,1,0.73282443,1
12,47.0000,0,1,16,1,3,11,42,50,1128181,1,50,92,1,0.68085106,1
9,64.0000,4,15,14,0,1,2,0,0,1128199,1,0,0,1,0.87500000,1
12,198.0000,20,41,10,1,2,5,15,0,1128223,1,0,15,1,0.71717172,1
12,174.0000,5,5,15,1,5,2,48,22,1128231,1,22,70,1,0.81609195,1
10,202.0000,0,2,17,1,2,6,0,0,1128256,1,0,0,0,0.44059406,1
9,75.0000,0,12,10,0,1,2,0,0,1128272,1,0,0,1,0.86666667,1
9,52.0000,0,0,11,1,1,7,0,20,1128348,1,20,20,1,0.84615385,2
6,129.0000,7,6,7,2,3,5,40,30,1128371,1,30,70,1,0.74418605,1
10,71.0000,16,1,16,2,4,7,40,25,1128405,1,25,65,1,0.60563380,1
5,115.0000,0,1,11,0,1,4,0,50,1128413,1,50,50,0,0.46086957,2
11,184.0000,2,21,14,0,4,8,40,40,1128421,1,40,80,0,0.22282609,1
15,120.0000,3,2,15,1,4,10,40,40,1128462,1,40,80,1,0.75833333,1
16,156.0000,0,2,19,0,5,7,43,30,1128488,1,30,73,1,0.73717949,1
12,180.0000,4,4,15,1,4,7,40,36,1128504,1,36,76,1,0.71666667,1
3,17.0000,0,0,14,0,1,4,0,40,1128512,1,40,40,1,0.76470588,2
9,135.0000,0,2,19,2,2,6,60,40,1128520,1,40,100,1,0.70370370,1
6,64.0000,1,0,9,0,1,5,0,40,1128579,1,40,40,1,0.92187500,1
10,147.0000,0,5,11,2,2,5,55,40,1128629,1,40,95,1,0.59863946,1
10,87.0000,4,1,16,2,4,10,40,40,1128637,1,40,80,1,0.62068966,1
14,320.0000,16,0,18,1,5,10,40,14,1128652,1,14,54,1,0.75312500,1
3,11.0000,2,0,5,0,1,2,0,20,1128660,1,20,20,1,0.63636364,1
12,56.0000,0,0,21,0,2,5,0,70,1128678,1,70,70,1,0.82142857,1
6,71.0000,0,0,15,0,1,4,0,40,1128694,1,40,40,1,0.78873239,1
13,211.0000,13,25,17,1,4,5,40,10,1128702,1,10,50,1,0.88625592,1
6,53.0000,0,0,12,0,1,1,0,0,1128777,1,0,0,1,0.66037736,1
10,52.0000,2,1,14,1,3,9,50,0,1128785,1,0,50,1,0.88461538,1
11,366.0000,6,1,15,1,4,5,46,60,1128801,1,60,106,1,0.68579235,2
12,126.0000,1,0,17,0,4,11,40,40,1128827,1,40,80,1,0.73015873,1
8,30.0000,0,0,17,1,3,9,40,40,1128850,1,40,80,0,0.50000000,1
14,27.0000,0,1,13,0,5,7,50,50,1128868,1,50,100,1,0.55555556,1
12,91.0000,4,0,9,1,4,7,40,20,1128892,1,20,60,0,0.26373626,1
7,56.0000,2,1,9,1,1,3,0,40,1128918,1,40,40,1,0.58928571,1
14,77.0000,0,0,14,1,4,5,40,40,1128967,1,40,80,0,0.27272727,1
12,85.0000,4,1,14,0,2,8,40,0,1129007,1,0,40,0,0.44705882,1
12,63.0000,0,1,15,0,1,4,0,40,1129023,1,40,40,0,0.39682540,2
15,193.0000,3,0,17,2,7,7,40,40,1129049,1,40,80,1,0.84974093,1
12,207.0000,16,30,15,0,4,5,50,0,1129064,1,0,50,1,0.82608696,1
14,45.0000,0,0,12,0,2,11,60,60,1129106,1,60,120,0,0.26666667,1
8,56.0000,11,2,17,0,2,9,55,35,1129148,1,35,90,1,0.85714286,1
12,83.0000,0,0,17,1,4,8,60,40,1129205,1,40,100,0,0.25301205,1
8,85.0000,0,0,11,0,1,6,40,0,1129213,1,0,40,1,0.95294118,2
9,119.0000,2,13,6,0,4,6,0,26,1129239,1,26,26,1,0.75630252,1
8,56.0000,0,0,13,1,2,8,45,40,1129254,1,40,85,1,0.67857143,1
10,275.0000,0,11,13,0,6,7,40,48,1129296,1,48,88,0,0.33090909,1
12,165.0000,2,0,14,1,5,8,50,50,1129304,1,50,100,1,0.72727273,1
9,100.0000,7,1,9,1,2,4,0,0,1129346,1,0,0,1,0.99000000,1
6,64.0000,6,4,15,0,2,5,40,40,1129361,1,40,80,0,0.50000000,1
14,108.0000,0,5,13,2,2,7,50,48,1129403,1,48,98,1,0.86111111,2
12,137.0000,4,3,16,1,3,9,40,40,1129536,1,40,80,1,0.67883212,1
7,65.0000,0,3,14,0,5,9,40,37,1129551,1,37,77,1,0.96923077,1
12,483.0000,15,18,13,1,5,5,45,0,1129569,1,0,45,1,0.81987578,1
9,199.0000,4,4,7,2,4,4,0,0,1129577,1,0,0,1,0.65326633,2
12,269.0000,1,13,17,0,3,9,40,40,1129585,1,40,80,0,0.34944238,1
13,235.0000,5,5,17,1,4,10,45,45,1129593,1,45,90,1,0.54893617,1
14,86.0000,0,11,17,0,3,6,40,10,1129601,1,10,50,1,0.79069767,1
14,82.0000,2,0,18,1,4,14,60,45,1129619,1,45,105,0,0.48780488,1
8,130.0000,14,30,17,1,4,5,45,36,1129643,1,36,81,1,0.75384615,1
9,155.0000,9,39,16,1,3,5,40,0,1129668,1,0,40,1,0.88387097,1
14,153.0000,5,7,13,2,3,9,50,30,1129684,1,30,80,1,0.66013072,1
12,200.0000,6,0,16,0,2,3,0,40,1129718,1,40,40,1,0.59500000,1
12,47.0000,0,2,13,0,2,6,40,40,1129726,1,40,80,0,0.27659574,1
10,67.0000,3,1,13,0,3,7,32,40,1129734,1,40,72,0,0.38805970,1
8,24.0000,0,0,12,0,1,4,55,0,1129841,1,0,55,1,0.66666667,2
10,79.0000,0,4,14,0,4,6,40,10,1129866,1,10,50,1,0.78481013,1
10,36.0000,2,0,10,1,4,6,40,40,1129874,1,40,80,1,0.69444444,1
9,130.0000,9,3,13,1,2,7,60,0,1129882,1,0,60,1,0.86923077,1
2,139.0000,3,2,12,0,2,3,0,45,1129890,1,45,45,1,0.82014388,2
13,238.0000,0,0,15,1,3,8,50,45,1129908,1,45,95,1,0.53781513,1
6,238.0000,1,1,18,0,4,7,48,64,1129916,1,64,112,1,0.53361345,1
14,174.0000,0,0,12,0,4,9,40,40,1129965,1,40,80,1,0.87931034,1
2,9.0000,0,2,16,0,1,4,0,40,1129973,1,40,40,1,0.66666667,2
14,248.0000,0,1,15,0,5,9,60,60,1130211,1,60,120,1,0.60483871,1
8,119.0000,0,0,13,2,3,7,0,0,1130229,1,0,0,1,0.57142857,1
12,89.0000,0,0,15,0,2,11,40,50,1130237,1,50,90,1,0.52808989,1
12,60.0000,2,4,10,0,3,5,24,40,1130302,1,40,64,1,0.63333333,1
13,91.0000,11,2,16,0,2,6,45,40,1130351,1,40,85,0,0.10989011,1
6,33.0000,0,0,13,0,1,3,0,49,1130393,1,49,49,1,0.60606061,1
12,212.0000,0,1,13,0,4,8,45,6,1130435,1,6,51,1,0.82547170,1
2,91.0000,2,2,6,0,1,1,0,0,1130468,1,0,0,1,0.73626374,2
10,60.0000,4,3,9,0,2,5,45,0,1130476,1,0,45,1,0.83333333,1
14,30.0000,2,0,14,0,2,8,40,0,1130492,1,0,40,0,0.33333333,1
10,122.0000,0,3,14,0,2,5,0,0,1130559,1,0,0,1,0.90163934,1
14,255.0000,3,2,9,1,4,8,40,45,1130583,1,45,85,1,0.59607843,1
7,511.0000,0,7,15,2,7,7,40,30,1130682,1,30,70,1,0.50684932,1
14,300.0000,0,1,13,2,4,5,40,15,1130690,1,15,55,1,0.73333333,1
10,161.0000,0,0,12,0,2,2,0,40,1130708,1,40,40,0,0.44720497,1
10,43.0000,0,0,10,2,2,10,50,0,1130732,1,0,50,1,0.67441860,1
12,87.0000,0,1,15,0,3,13,45,20,1130765,1,20,65,1,0.91954023,1
7,18.0000,1,1,15,0,2,5,0,50,1130807,1,50,50,0,0.50000000,2
12,123.0000,0,0,12,0,2,3,0,0,1130815,1,0,0,1,0.80487805,2
4,91.0000,0,1,7,0,1,2,0,40,1130823,1,40,40,0,0.28571429,2
12,96.0000,0,0,14,4,2,7,50,40,1130831,1,40,90,1,0.67708333,1
10,30.0000,0,3,17,0,2,9,40,40,1130864,1,40,80,1,0.70000000,1
11,125.0000,6,0,14,0,2,5,50,30,1130906,1,30,80,1,0.58400000,1
10,296.0000,1,1,13,1,6,11,50,0,1130930,1,0,50,1,0.92567568,2
10,52.0000,12,8,8,0,1,2,0,0,1130997,1,0,0,1,0.84615385,1
8,44.0000,0,8,14,1,2,10,50,35,1131011,1,35,85,1,0.95454545,1
7,126.0000,1,0,9,4,4,10,45,45,1131052,1,45,90,1,0.61111111,1
10,175.0000,6,10,17,0,3,6,50,60,1131060,1,60,110,1,0.62857143,1
7,19.0000,0,0,7,1,1,5,0,0,1131078,1,0,0,1,0.52631579,1
14,62.0000,0,0,15,2,4,9,45,40,1131102,1,40,85,1,0.58064516,1
10,180.0000,7,6,12,0,2,3,0,0,1131128,1,0,0,0,0.45555556,1
12,165.0000,0,0,8,0,5,8,40,40,1131136,1,40,80,0,0.49696970,1
12,132.0000,0,2,14,0,2,9,40,0,1131151,1,0,40,1,0.75757576,1
14,235.0000,0,1,17,1,7,12,45,0,1131169,1,0,45,1,0.72765957,1
8,135.0000,10,3,8,0,2,4,0,0,1131185,1,0,0,1,0.69629630,1
10,67.0000,0,0,10,1,2,3,24,0,1131193,1,0,24,1,0.83582090,1
14,191.0000,7,14,19,1,2,8,40,40,1131243,1,40,80,1,0.98429319,1
8,52.0000,0,10,12,0,3,6,40,40,1131250,1,40,80,1,0.94230769,1
5,35.0000,0,0,6,0,2,7,48,50,1131300,1,50,98,1,0.74285714,2
11,228.0000,0,2,17,0,3,11,45,0,1131342,1,0,45,0,0.42982456,1
7,318.0000,5,2,15,0,4,3,40,0,1131367,1,0,40,0,0.44654088,1
12,254.0000,0,4,15,0,3,9,50,40,1131375,1,40,90,1,0.88188976,1
10,153.0000,1,7,11,0,3,9,48,2,1131409,1,2,50,1,0.72549020,1
10,71.0000,4,0,12,1,3,5,60,30,1131417,1,30,90,1,0.60563380,1
14,118.0000,3,2,16,0,3,7,40,20,1131425,1,20,60,1,0.57627119,1
10,135.0000,0,1,15,1,1,4,0,0,1131433,1,0,0,1,0.79259259,1
12,14.0000,1,0,7,2,1,5,0,40,1131466,1,40,40,0,0.35714286,1
14,261.0000,0,0,12,0,3,5,0,0,1131516,1,0,0,1,0.80459770,1
8,80.0000,5,0,7,0,2,2,25,15,1131581,1,15,40,1,1.00000000,2
12,152.0000,5,4,14,1,6,6,40,35,1131615,1,35,75,0,0.41447368,1
10,165.0000,0,26,6,0,2,2,0,0,1131664,1,0,0,1,0.83636364,1
10,175.0000,0,0,14,3,5,6,24,53,1131672,1,53,77,1,0.74857143,1
14,238.0000,4,3,14,1,2,8,45,20,1131714,1,20,65,1,0.86554622,1
6,163.0000,5,1,12,0,2,3,0,40,1131755,1,40,40,1,0.72392638,2
2,135.0000,4,1,12,0,3,2,0,40,1131763,1,40,40,1,0.69629630,2
4,77.0000,4,4,11,0,2,2,0,0,1131805,1,0,0,1,0.70129870,2
10,217.0000,0,0,7,0,4,7,45,28,1131813,1,28,73,0,0.45161290,1
16,158.0000,0,8,16,1,4,14,50,0,1131920,1,0,50,1,0.81645570,1
8,79.0000,6,2,17,0,2,7,40,40,1131938,1,40,80,1,0.54430380,2
10,89.0000,0,8,11,0,3,6,70,16,1132100,1,16,86,1,0.64044944,2
10,335.0000,19,78,14,3,3,6,0,40,1132126,1,40,40,1,0.78805970,1
11,131.0000,0,3,14,1,2,8,40,40,1132142,1,40,80,1,0.77862595,1
8,194.0000,5,3,15,0,4,8,44,22,1132183,1,22,66,1,0.74226804,1
2,52.0000,0,3,8,0,1,2,0,0,1132324,1,0,0,1,0.78846154,2
3,80.0000,10,0,9,0,2,5,0,0,1132365,1,0,0,1,0.71250000,1
11,83.0000,0,0,11,0,4,5,45,40,1132373,1,40,85,1,0.56626506,1
14,140.0000,0,3,13,0,3,9,55,35,1132381,1,35,90,1,0.77857143,1
11,150.0000,1,0,15,0,5,5,40,20,1132399,1,20,60,0,0.44000000,1
10,9.0000,1,0,10,0,1,2,0,0,1132407,1,0,0,1,1.00000000,1
14,160.0000,4,3,21,1,4,6,48,40,1132423,1,40,88,1,0.68125000,1
12,66.0000,0,0,17,2,2,6,0,40,1132449,1,40,40,1,0.54545455,1
6,17.0000,0,0,11,1,1,5,0,36,1132456,1,36,36,0,0.41176471,2
10,242.0000,1,3,13,1,5,11,44,35,1132498,1,35,79,1,0.96280992,1
9,147.0000,7,3,10,0,4,7,40,24,1132506,1,24,64,1,0.91156463,1
14,348.0000,0,1,12,1,3,8,40,45,1132555,1,45,85,0,0.29597701,1
2,122.0000,0,7,13,0,1,3,0,40,1132613,1,40,40,1,0.78688525,2
7,133.0000,0,1,12,1,2,5,0,40,1132621,1,40,40,1,0.73684211,1
10,115.0000,2,17,10,0,2,6,40,37,1132639,1,37,77,1,0.80869565,1
10,88.0000,0,0,6,2,2,3,0,0,1132670,1,0,0,1,0.73863636,1
14,98.0000,5,5,17,1,4,7,40,15,1132803,1,15,55,1,0.85714286,1
14,87.0000,2,12,14,1,4,8,50,20,1132951,1,20,70,0,0.16091954,1
8,237.0000,13,9,12,0,3,5,40,40,1132969,1,40,80,1,0.67510549,1
13,573.0000,0,0,16,2,2,10,40,40,1132993,1,40,80,0,0.28621291,3
10,113.0000,0,0,15,1,4,8,40,40,1133041,1,40,80,1,0.64601770,1
12,117.0000,0,1,13,1,4,9,40,40,1133090,1,40,80,1,0.66666667,1
5,352.0000,0,2,10,2,2,4,0,40,1133108,1,40,40,1,0.76988636,1
7,94.0000,17,8,7,0,2,3,0,0,1133124,1,0,0,1,0.84042553,2
10,89.0000,3,0,16,0,2,6,0,40,1133132,1,40,40,0,0.21348315,1
12,248.0000,0,2,19,3,3,10,45,0,1133140,1,0,45,1,0.72177419,1
10,74.0000,1,1,15,1,3,5,48,23,1133157,1,23,71,0,0.33783784,1
5,84.0000,0,0,11,1,2,4,0,40,1133165,1,40,40,0,0.40476190,1
12,184.0000,4,3,18,1,4,6,40,22,1133199,1,22,62,1,0.76086957,1
18,152.0000,2,0,17,1,4,11,55,32,1133207,1,32,87,0,0.46052632,1
12,44.0000,2,4,19,1,2,6,40,40,1133249,1,40,80,1,0.95454545,1
4,69.0000,4,0,9,0,2,2,0,0,1133256,1,0,0,1,0.79710145,2
5,61.0000,0,0,5,0,1,2,0,40,1133264,1,40,40,0,0.42622951,2
7,402.0000,2,3,12,1,2,2,0,30,1133272,1,30,30,1,0.85572139,2
11,210.0000,0,2,13,1,4,9,40,40,1133306,1,40,80,0,0.49047619,1
8,161.0000,0,4,13,2,1,7,0,40,1133314,1,40,40,1,0.78881988,1
10,104.0000,0,18,14,0,3,5,37,25,1133348,1,25,62,1,0.69230769,1
12,53.0000,4,3,10,0,2,6,20,25,1133355,1,25,45,1,0.60377358,1
10,175.0000,1,2,14,1,3,3,0,45,1133371,1,45,45,1,0.50285714,2
10,198.0000,0,1,16,1,6,9,45,30,1133389,1,30,75,1,0.57070707,1
14,68.0000,0,12,13,2,2,9,0,50,1133397,1,50,50,1,0.88235294,1
12,328.0000,0,0,11,0,4,7,40,0,1133413,1,0,40,0,0.43902439,1
11,125.0000,0,0,16,0,2,5,0,0,1133421,1,0,0,1,0.85600000,1
12,271.0000,5,4,21,1,2,7,0,40,1133488,1,40,40,0,0.43911439,1
6,110.0000,30,2,7,0,2,6,0,30,1133520,1,30,30,1,0.85454545,1
12,158.0000,1,3,13,0,2,12,50,40,1133538,1,40,90,0,0.33544304,1
12,187.0000,6,0,15,0,1,7,0,40,1133587,1,40,40,1,0.91443850,1
8,303.0000,2,4,12,1,4,4,40,36,1133603,1,36,76,1,0.68316832,1
8,162.0000,3,4,15,0,4,6,45,0,1133611,1,0,45,1,0.73456790,1
12,122.0000,0,0,19,0,2,10,50,40,1133637,1,40,90,0,0.36885246,1
14,185.0000,7,11,17,0,3,8,40,38,1133660,1,38,78,1,0.92432432,1
12,139.0000,3,15,17,2,4,5,40,32,1133694,1,32,72,1,0.74820144,1
12,126.0000,0,0,12,2,4,5,40,12,1133744,1,12,52,1,0.73015873,1
8,58.0000,3,10,12,0,2,3,35,16,1133769,1,16,51,0,0.48275862,1
9,144.0000,0,0,14,0,2,8,55,38,1133785,1,38,93,1,0.58333333,1
10,291.0000,0,0,16,1,4,4,40,12,1133793,1,12,52,1,0.61512027,1
14,225.0000,0,0,18,2,4,11,40,40,1133827,1,40,80,0,0.46666667,1
13,58.0000,8,1,14,0,2,10,40,32,1133850,1,32,72,1,0.89655172,1
12,49.0000,0,0,14,0,4,5,40,0,1133884,1,0,40,1,0.65306122,1
12,146.0000,15,3,17,0,4,9,40,40,1133918,1,40,80,0,0.31506849,1
9,113.0000,0,3,17,1,3,3,0,40,1133926,1,40,40,1,0.69026549,1
10,37.0000,5,3,6,1,2,3,0,0,1133934,1,0,0,1,0.94594595,1
12,108.0000,0,0,12,0,2,1,40,20,1133983,1,20,60,1,0.73148148,1
12,142.0000,2,4,16,1,3,5,0,50,1133991,1,50,50,1,0.66197183,1
16,89.0000,0,7,19,2,3,4,50,35,1134098,1,35,85,1,0.55056180,1
14,320.0000,9,9,17,0,4,5,40,0,1134106,1,0,40,1,0.99375000,1
11,92.0000,9,3,12,0,2,4,50,45,1134130,1,45,95,1,0.96739130,1
16,219.0000,0,12,16,1,4,9,40,40,1134163,1,40,80,1,0.63470320,1
8,55.0000,4,0,10,0,2,2,0,27,1134171,1,27,27,0,0.38181818,1
11,113.0000,0,3,19,1,4,11,40,30,1134189,1,30,70,1,0.65486726,1
12,139.0000,17,10,17,2,4,6,40,40,1134270,1,40,80,0,0.46043165,1
10,255.0000,10,0,9,0,4,7,40,40,1134296,1,40,80,1,0.60000000,1
12,71.0000,0,6,13,0,6,2,0,40,1134304,1,40,40,1,0.94366197,1
12,80.0000,0,1,12,0,4,4,60,0,1134338,1,0,60,1,0.78750000,1
10,57.0000,0,2,18,1,2,6,50,25,1134379,1,25,75,1,0.73684211,1
14,173.0000,2,9,15,0,4,8,42,42,1134387,1,42,84,1,0.63005780,1
12,79.0000,0,2,16,0,2,10,40,40,1134395,1,40,80,1,0.96202532,1
6,464.0000,18,25,13,1,4,4,40,32,1134411,1,32,72,0,0.17241379,1
11,110.0000,0,0,17,0,4,6,40,40,1134437,1,40,80,1,0.74545455,1
4,31.0000,4,1,14,1,1,5,0,45,1134478,1,45,45,1,0.83870968,2
12,23.0000,5,11,15,0,2,4,0,0,1134486,1,0,0,1,0.86956522,1
12,86.0000,0,5,18,2,4,7,40,40,1134494,1,40,80,1,0.69767442,1
12,127.0000,0,0,16,2,2,13,40,60,1134569,1,60,100,1,0.63779528,1
10,53.0000,0,0,14,0,4,6,65,40,1134601,1,40,105,1,0.50943396,1
12,256.0000,0,1,17,1,4,8,58,28,1134650,1,28,86,1,0.78906250,1
12,48.0000,6,0,14,1,2,5,0,24,1134676,1,24,24,1,0.75000000,1
8,310.0000,0,5,15,0,3,6,24,40,1134684,1,40,64,0,0.22903226,1
11,43.0000,6,2,13,0,4,5,0,0,1134692,1,0,0,1,0.51162791,1
8,162.0000,3,4,16,0,4,8,50,37,1134718,1,37,87,0,0.38888889,1
11,100.0000,4,0,12,0,2,5,40,0,1134734,1,0,40,0,0.46000000,1
11,106.0000,9,8,20,1,4,9,40,25,1134742,1,25,65,1,0.83962264,1
10,128.0000,0,0,14,2,3,5,35,35,1134890,1,35,70,0,0.39062500,1
12,89.0000,9,3,9,0,1,4,0,40,1135004,1,40,40,1,0.84269663,1
11,81.0000,0,0,15,0,2,4,20,25,1135079,1,25,45,0,0.14814815,1
12,201.0000,31,27,10,1,5,6,45,32,1135087,1,32,77,1,0.86069652,1
10,68.0000,0,0,13,2,2,6,40,45,1135095,1,45,85,1,0.75000000,1
10,77.0000,0,5,13,0,3,10,50,37,1135145,1,37,87,1,0.51948052,1
7,115.0000,0,0,13,2,3,5,0,0,1135251,1,0,0,1,0.61739130,1
10,168.0000,4,0,14,0,3,5,40,30,1135285,1,30,70,1,0.55357143,1
9,32.0000,0,0,12,0,1,4,0,0,1135319,1,0,0,1,0.81250000,1
9,117.0000,0,0,9,1,4,2,9,0,1135335,1,0,9,1,0.92307692,2
10,96.0000,0,0,13,0,1,6,0,60,1135343,1,60,60,1,0.84375000,1
16,366.0000,4,9,20,2,6,7,60,35,1135350,1,35,95,1,0.69672131,1
14,193.0000,4,11,14,1,4,6,40,40,1135368,1,40,80,0,0.22279793,1
12,179.0000,3,7,19,0,3,5,40,20,1135400,1,20,60,1,0.57541899,1
8,45.0000,0,0,6,0,2,3,0,40,1135509,1,40,40,1,0.71111111,2
10,70.0000,1,2,14,0,2,4,0,45,1135525,1,45,45,1,0.67142857,1
10,102.0000,0,0,8,0,2,2,0,0,1135558,1,0,0,1,0.71568627,1
12,278.0000,10,13,10,1,2,3,0,0,1135574,1,0,0,1,0.65107914,1
12,134.0000,0,1,12,1,2,5,32,5,1135616,1,5,37,1,0.88059701,1
6,117.0000,0,0,14,0,2,5,40,40,1135632,1,40,80,0,0.46153846,1
8,52.0000,0,0,10,0,2,9,50,20,1135731,1,20,70,1,0.61538462,1
10,28.0000,0,1,16,1,2,4,0,25,1135855,1,25,25,1,0.64285714,1
6,220.0000,9,4,13,0,2,3,0,51,1135962,1,51,51,0,0.22272727,2
14,134.0000,12,5,14,0,2,7,30,45,1135970,1,45,75,1,0.81343284,1
12,83.0000,5,10,17,0,2,4,40,0,1135996,1,0,40,1,0.77108434,1
4,13.0000,0,0,15,0,1,5,0,40,1136002,1,40,40,1,0.84615385,2
13,132.0000,3,7,12,1,2,7,45,40,1136010,1,40,85,1,0.72727273,1
12,108.0000,12,6,16,0,2,2,0,0,1136044,1,0,0,1,0.85185185,1
10,96.0000,1,0,14,0,3,5,0,40,1136069,1,40,40,1,0.61458333,2
8,100.0000,0,0,14,2,2,7,50,40,1136077,1,40,90,1,0.69000000,1
10,235.0000,5,0,13,0,2,4,40,45,1136119,1,45,85,1,0.74042553,1
8,156.0000,0,12,11,3,4,6,45,30,1136127,1,30,75,1,0.69230769,1
13,197.0000,9,23,13,0,2,4,0,35,1136143,1,35,35,1,0.58375635,1
16,138.0000,6,5,19,1,3,14,60,0,1136168,1,0,60,1,0.91304348,1
10,122.0000,8,3,13,0,2,2,0,0,1136184,1,0,0,1,0.79508197,1
13,224.0000,0,0,14,1,2,8,45,45,1136226,1,45,90,1,0.75892857,1
14,161.0000,0,1,18,1,4,12,30,37,1136234,1,37,67,0,0.14906832,1
10,122.0000,11,1,16,2,2,5,50,20,1136242,1,20,70,1,0.87704918,1
12,188.0000,11,21,15,0,2,11,40,40,1136267,1,40,80,1,0.51595745,1
7,11.0000,0,0,14,0,1,5,0,55,1136291,1,55,55,1,1.00000000,1
10,396.0000,5,14,14,1,4,5,45,36,1136309,1,36,81,1,0.83080808,1
8,28.0000,5,0,8,0,2,3,40,0,1136325,1,0,40,0,0.03571429,1
5,47.0000,0,1,14,2,2,6,40,50,1136341,1,50,90,1,0.74468085,2
9,109.0000,1,5,13,1,4,6,50,40,1136440,1,40,90,1,0.73394495,1
10,145.0000,0,3,16,1,3,5,42,20,1136457,1,20,62,1,0.74482759,1
12,286.0000,0,2,15,1,3,9,45,45,1136481,1,45,90,0,0.11188811,1
8,75.0000,1,5,17,1,2,6,50,30,1136507,1,30,80,1,0.86666667,1
15,192.0000,0,0,18,0,7,7,45,30,1136515,1,30,75,1,0.67187500,1
12,136.0000,6,0,17,0,1,3,0,0,1136549,1,0,0,1,0.89705882,1
2,95.0000,0,0,8,0,1,1,0,0,1136572,1,0,0,1,0.81052632,2
14,118.0000,10,5,19,1,5,14,45,0,1136580,1,0,45,1,0.94915254,1
12,252.0000,0,0,16,1,4,6,46,40,1136598,1,40,86,1,0.61904762,1
2,97.0000,0,3,12,1,1,5,0,50,1136606,1,50,50,0,0.41237113,2
8,59.0000,0,0,5,0,1,4,41,0,1136614,1,0,41,1,0.96610169,1
9,204.0000,3,2,8,0,3,7,40,40,1136630,1,40,80,1,0.60294118,1
11,165.0000,0,1,17,1,4,6,40,40,1136713,1,40,80,1,0.78787879,1
11,91.0000,6,4,12,0,3,10,42,46,1136721,1,46,88,1,0.53846154,1
8,239.0000,1,5,12,1,1,1,0,0,1136879,1,0,0,1,0.66527197,1
14,499.0000,6,1,13,2,4,7,50,54,1136911,1,54,104,1,0.51503006,1
10,48.0000,4,9,9,0,1,2,0,0,1136952,1,0,0,1,0.83333333,1
10,54.0000,1,0,15,0,3,10,40,40,1136978,1,40,80,1,0.62962963,1
12,161.0000,4,1,17,1,4,13,80,0,1137018,1,0,80,1,0.85093168,1
8,120.0000,5,11,12,2,4,5,42,0,1137117,1,0,42,0,0.46666667,2
9,66.0000,9,3,17,1,3,10,42,50,1137125,1,50,92,0,0.21212121,1
10,173.0000,4,1,11,1,3,8,40,0,1137141,1,0,40,0,0.35838150,1
16,123.0000,4,1,16,1,2,6,60,20,1137208,1,20,80,1,0.69918699,1
8,176.0000,0,0,14,0,2,3,0,36,1137232,1,36,36,1,0.72727273,2
14,131.0000,5,14,17,1,4,10,55,30,1137257,1,30,85,1,0.78625954,1
10,296.0000,5,23,14,0,4,5,60,0,1137273,1,0,60,1,0.76013514,1
12,398.0000,6,6,14,2,3,4,35,0,1137299,1,0,35,0,0.13065327,1
8,321.0000,0,0,10,1,4,6,50,40,1137356,1,40,90,1,0.54828660,1
13,88.0000,0,6,16,0,2,7,35,10,1137364,1,10,45,1,0.70454545,1
8,92.0000,3,3,10,1,3,9,32,40,1137372,1,40,72,1,0.86956522,1
10,124.0000,0,0,14,2,3,6,50,40,1137422,1,40,90,1,0.56451613,1
6,29.0000,0,0,13,0,1,1,0,0,1137471,1,0,0,1,0.72413793,2
12,43.0000,0,0,6,4,2,6,48,0,1137505,1,0,48,1,0.67441860,1
8,269.0000,37,30,13,0,2,5,0,0,1137554,1,0,0,1,0.72490706,1
14,135.0000,2,2,14,1,4,7,45,30,1137562,1,30,75,1,0.96296296,1
6,38.0000,4,0,5,1,1,2,0,0,1137596,1,0,0,1,0.84210526,1
13,85.0000,0,0,13,0,2,11,40,32,1137612,1,32,72,1,0.82352941,1
8,127.0000,9,0,9,0,3,4,36,0,1137646,1,0,36,1,1.00000000,1
8,53.0000,0,1,9,0,1,3,0,0,1137653,1,0,0,1,0.90566038,1
14,327.0000,15,5,19,0,5,6,50,50,1137679,1,50,100,0,0.48929664,1
14,106.0000,0,4,15,1,3,10,50,0,1137711,1,0,50,1,0.53773585,1
2,84.0000,0,0,10,0,1,6,0,40,1137794,1,40,40,1,0.86904762,1
8,262.0000,4,12,16,0,1,2,0,0,1137810,1,0,0,1,0.87404580,1
12,143.0000,0,1,12,0,3,7,60,0,1137828,1,0,60,1,0.66433566,1
4,65.0000,0,5,8,0,1,2,0,0,1137836,1,0,0,1,0.96923077,2
6,129.0000,0,0,6,0,5,1,40,0,1137885,1,0,40,1,0.63565891,1
10,110.0000,1,14,13,1,3,7,50,40,1137935,1,40,90,0,0.43636364,1
12,182.0000,3,0,17,0,3,10,55,40,1137943,1,40,95,0,0.50000000,1
4,9.0000,0,0,2,0,1,1,0,0,1137968,1,0,0,1,0.88888889,1
11,85.0000,4,0,10,0,2,3,20,28,1137992,1,28,48,1,0.78823529,1
12,308.0000,12,47,14,1,3,4,0,0,1138016,1,0,0,1,0.81168831,1
9,181.0000,2,2,18,1,2,12,40,30,1138024,1,30,70,1,0.70718232,1
14,33.0000,2,5,11,0,2,7,0,0,1138040,1,0,0,1,0.84848485,1
6,101.0000,0,0,15,3,2,8,40,40,1138107,1,40,80,0,0.33663366,2
4,104.0000,0,0,12,1,2,3,0,45,1138131,1,45,45,1,0.60576923,1
10,162.0000,2,13,12,1,3,8,40,0,1138149,1,0,40,1,0.88888889,1
10,89.0000,8,10,8,0,2,3,0,0,1138156,1,0,0,1,0.78651685,1
7,50.0000,0,0,13,1,3,7,47,40,1138222,1,40,87,1,0.70000000,2
9,357.0000,6,7,10,0,2,2,0,0,1138248,1,0,0,0,0.19047619,1
12,142.0000,0,0,12,0,4,7,45,35,1138289,1,35,80,1,0.59154930,1
10,104.0000,0,1,7,0,2,5,0,40,1138313,1,40,40,0,0.45192308,1
10,159.0000,9,2,14,2,3,4,40,43,1138321,1,43,83,0,0.30817610,1
10,80.0000,0,0,12,3,2,9,0,40,1138362,1,40,40,1,0.62500000,1
12,153.0000,0,0,18,0,1,2,0,0,1138404,1,0,0,1,0.68627451,1
6,57.0000,1,0,10,0,4,3,0,40,1138412,1,40,40,1,0.73684211,2
11,111.0000,0,5,7,1,2,3,40,0,1138420,1,0,40,1,0.71171171,1
3,53.0000,0,0,7,0,1,3,42,0,1138503,1,0,42,1,0.71698113,2
11,79.0000,8,9,14,0,2,5,0,0,1138529,1,0,0,1,0.93670886,1
9,38.0000,2,2,13,0,2,6,24,32,1138578,1,32,56,1,0.81578947,1
10,63.0000,0,1,16,0,2,8,3,0,1138586,1,0,3,1,0.66666667,1
10,129.0000,5,1,13,0,3,3,40,40,1138628,1,40,80,0,0.42635659,1
14,101.0000,9,7,18,0,3,7,0,20,1138644,1,20,20,1,0.70297030,1
14,77.0000,0,1,19,0,1,5,0,45,1138651,1,45,45,1,0.59740260,1
12,182.0000,7,5,14,0,2,6,50,25,1138727,1,25,75,1,0.91208791,1
14,241.0000,6,2,15,0,5,5,45,24,1138768,1,24,69,1,0.70539419,1
8,228.0000,11,2,16,0,5,6,60,0,1138776,1,0,60,1,0.80701754,1
11,19.0000,3,2,14,0,2,4,0,25,1138792,1,25,25,1,0.94736842,1
12,129.0000,9,5,12,0,2,9,40,40,1138800,1,40,80,1,0.66666667,1
12,95.0000,3,0,19,0,2,4,10,0,1138834,1,0,10,1,0.82105263,1
9,211.0000,7,3,10,0,2,3,0,0,1138875,1,0,0,1,0.82464455,1
12,130.0000,7,9,12,1,3,7,40,0,1138883,1,0,40,1,0.61538462,1
14,124.0000,0,0,15,1,5,8,60,40,1138933,1,40,100,1,0.84677419,1
9,161.0000,6,0,9,0,2,4,0,0,1138974,1,0,0,1,0.98757764,3
6,124.0000,0,0,8,6,1,2,0,0,1139022,1,0,0,1,0.85483871,1
8,48.0000,4,2,4,1,1,2,0,0,1139048,1,0,0,1,0.87500000,1
10,65.0000,0,0,10,0,2,3,0,0,1139105,1,0,0,1,0.80000000,1
8,134.0000,11,18,12,0,2,4,0,0,1139113,1,0,0,1,0.86567164,1
6,30.0000,0,0,11,3,2,7,0,40,1139139,1,40,40,1,0.53333333,1
13,34.0000,0,3,13,0,2,8,0,0,1139147,1,0,0,1,0.91176471,1
14,318.0000,7,3,16,2,5,6,60,40,1139170,1,40,100,1,0.82704403,1
14,242.0000,0,0,16,0,5,8,40,40,1139212,1,40,80,0,0.31404959,1
12,96.0000,3,4,14,2,5,5,47,0,1139295,1,0,47,0,0.35416667,1
9,145.0000,27,6,13,0,2,3,0,0,1139311,1,0,0,1,0.79310345,1
12,379.0000,5,4,6,1,3,2,0,0,1139352,1,0,0,0,0.14775726,1
14,32.0000,0,0,11,0,1,6,0,40,1139360,1,40,40,1,0.78125000,1
13,20.0000,3,0,13,0,2,9,40,0,1139402,1,0,40,1,0.70000000,1
10,55.0000,2,6,14,2,1,3,0,40,1139444,1,40,40,1,0.81818182,1
2,44.0000,3,7,4,0,1,4,0,0,1139485,1,0,0,1,0.72727273,2
4,42.0000,0,16,8,0,1,1,0,0,1139493,1,0,0,0,0.07142857,2
13,134.0000,5,4,19,2,2,4,55,20,1139543,1,20,75,1,0.87313433,1
11,129.0000,0,0,14,2,5,11,55,30,1139568,1,30,85,1,0.72868217,1
12,38.0000,8,9,16,0,2,10,30,20,1139592,1,20,50,1,1.00000000,1
8,183.0000,12,9,8,0,1,3,0,0,1139667,1,0,0,1,0.88524590,1
8,184.0000,4,0,11,0,2,6,0,0,1139691,1,0,0,1,0.69021739,1
14,123.0000,13,7,18,1,2,11,55,50,1139725,1,50,105,0,0.28455285,1
9,122.0000,7,2,4,0,1,1,0,0,1139733,1,0,0,1,0.69672131,1
14,122.0000,2,2,17,1,3,6,40,35,1139741,1,35,75,0,0.22950820,1
2,45.0000,0,8,12,0,1,2,0,0,1139782,1,0,0,1,0.73333333,2
12,218.0000,0,1,14,1,3,8,50,40,1139824,1,40,90,1,0.64678899,1
8,291.0000,18,1,11,0,2,6,0,0,1139865,1,0,0,1,0.90378007,1
15,164.0000,3,0,16,1,4,10,40,24,1140129,1,24,64,1,0.73780488,1
8,63.0000,0,2,21,1,4,11,50,24,1140137,1,24,74,1,0.65079365,1
6,122.0000,3,8,11,0,2,5,0,40,1140152,1,40,40,0,0.08196721,1
5,117.0000,4,2,12,0,1,4,0,45,1140178,1,45,45,1,0.62393162,1
10,17.0000,8,0,11,1,2,4,0,0,1140186,1,0,0,1,1.00000000,1
10,108.0000,17,6,16,0,2,6,0,0,1140194,1,0,0,1,0.53703704,1
15,245.0000,5,29,16,0,4,5,40,18,1140236,1,18,58,1,0.67346939,1
6,97.0000,5,20,13,0,2,5,34,45,1140293,1,45,79,0,0.43298969,1
10,61.0000,4,13,14,0,2,3,15,10,1140343,1,10,25,1,0.86885246,1
13,232.0000,19,20,12,2,4,7,40,35,1140350,1,35,75,1,0.60775862,1
10,209.0000,2,6,14,0,3,4,0,0,1140392,1,0,0,1,0.65550239,1
14,285.0000,3,1,14,1,2,5,0,15,1140426,1,15,15,1,0.82105263,1
12,88.0000,5,0,10,0,2,3,0,0,1140434,1,0,0,1,0.84090909,1
10,82.0000,3,0,8,0,2,2,0,0,1140442,1,0,0,1,0.95121951,1
10,50.0000,7,2,14,0,1,3,0,0,1140509,1,0,0,1,0.68000000,1
6,50.0000,0,13,10,0,1,2,0,10,1140517,1,10,10,1,0.86000000,2
8,124.0000,1,9,10,1,2,5,40,0,1140525,1,0,40,1,0.95967742,1
14,77.0000,1,0,15,0,5,4,40,40,1140533,1,40,80,1,0.50649351,1
15,132.0000,5,10,15,1,5,11,40,50,1140558,1,50,90,0,0.46212121,1
10,55.0000,0,4,11,0,1,2,0,0,1140582,1,0,0,1,0.65454545,1
12,185.0000,0,0,17,1,2,7,40,40,1140590,1,40,80,1,0.72432432,1
12,172.0000,7,6,10,0,2,3,0,0,1140632,1,0,0,1,0.77906977,1
6,246.0000,10,1,12,1,3,3,0,0,1140665,1,0,0,0,0.39430894,1
12,127.0000,5,4,14,2,5,8,40,0,1140681,1,0,40,1,0.79527559,1
9,134.0000,33,27,13,0,1,3,0,0,1140699,1,0,0,1,0.68656716,1
10,26.0000,0,3,15,3,3,6,0,60,1140715,1,60,60,1,1.00000000,1
11,171.0000,0,4,16,1,6,7,40,40,1140756,1,40,80,1,0.56140351,1
10,175.0000,4,5,8,0,3,4,0,0,1140764,1,0,0,1,0.77142857,1
12,139.0000,7,17,10,0,2,5,52,15,1140806,1,15,67,1,0.96402878,1
14,37.0000,0,6,13,0,2,10,60,70,1140848,1,70,130,0,0.45945946,1
13,263.0000,4,5,14,1,4,6,45,0,1140889,1,0,45,1,0.63498099,1
8,14.0000,7,0,12,0,1,1,0,30,1140905,1,30,30,1,0.78571429,2
12,46.0000,0,4,17,1,2,12,32,0,1140913,1,0,32,1,0.54347826,1
11,182.0000,11,1,13,0,3,5,50,0,1140954,1,0,50,1,0.95604396,1
15,167.0000,8,8,13,0,3,6,40,24,1140962,1,24,64,1,0.71856287,1
8,72.0000,2,0,12,0,1,3,0,0,1140996,1,0,0,1,0.93055556,1
8,210.0000,0,0,17,2,3,6,40,38,1141002,1,38,78,0,0.42380952,1
12,114.0000,17,14,12,0,2,6,0,0,1141036,1,0,0,1,0.73684211,1
9,108.0000,0,0,14,1,3,8,40,40,1141069,1,40,80,1,0.62962963,1
10,61.0000,1,3,10,1,2,5,46,0,1141085,1,0,46,1,0.85245902,1
6,104.0000,0,0,13,0,2,2,0,16,1141119,1,16,16,1,0.87500000,1
11,203.0000,4,0,18,2,5,10,0,0,1141150,1,0,0,1,0.81280788,1
12,28.0000,3,2,15,0,1,2,0,0,1141168,1,0,0,1,0.64285714,1
12,40.0000,0,0,17,1,5,4,40,0,1141218,1,0,40,1,0.60000000,3
10,185.0000,7,9,12,1,3,5,0,0,1141226,1,0,0,1,0.88648649,1
12,101.0000,0,0,20,1,1,5,0,50,1141259,1,50,50,1,0.74257426,1
12,126.0000,8,31,13,0,2,7,0,0,1141317,1,0,0,1,0.76984127,1
12,85.0000,3,4,8,0,2,1,0,0,1141382,1,0,0,1,0.94117647,1
12,159.0000,0,0,16,0,4,9,50,0,1141390,1,0,50,1,0.57861635,1
8,235.0000,0,1,12,1,4,5,50,0,1141408,1,0,50,0,0.41702128,1
14,129.0000,5,1,16,0,2,8,40,25,1141416,1,25,65,1,0.76744186,1
5,331.0000,0,0,13,0,4,2,0,40,1141432,1,40,40,1,0.74320242,2
8,80.0000,3,1,7,0,1,3,0,0,1141440,1,0,0,0,0.31250000,1
12,116.0000,9,0,8,0,2,4,40,0,1141457,1,0,40,1,0.56896552,1
10,80.0000,0,3,10,0,2,5,30,40,1141473,1,40,70,0,0.23750000,1
11,61.0000,0,2,9,1,1,6,0,0,1141507,1,0,0,1,0.90163934,1
14,128.0000,6,23,15,0,4,6,55,0,1141515,1,0,55,1,0.78125000,1
14,130.0000,10,3,18,0,4,5,40,20,1141564,1,20,60,1,0.84615385,1
16,85.0000,0,0,13,1,3,9,50,37,1141606,1,37,87,1,0.63529412,1
10,60.0000,2,41,13,0,4,5,60,16,1141614,1,16,76,1,0.96666667,1
13,224.0000,0,3,16,1,5,10,50,16,1141622,1,16,66,1,0.74107143,1
8,25.0000,7,4,6,1,2,3,0,0,1141697,1,0,0,1,0.84000000,1
11,105.0000,4,1,9,0,1,4,0,25,1141705,1,25,25,1,0.74285714,1
10,14.0000,1,0,12,0,1,2,0,20,1141721,1,20,20,0,0.50000000,1
14,137.0000,6,10,10,2,4,8,40,50,1141747,1,50,90,1,0.90510949,1
10,124.0000,1,5,13,0,4,6,0,0,1141762,1,0,0,1,0.73387097,1
8,127.0000,10,7,10,1,2,3,30,0,1141903,1,0,30,1,0.66141732,1
11,220.0000,2,13,17,0,2,6,0,0,1141911,1,0,0,1,0.88181818,1
2,125.0000,2,0,12,0,1,3,0,40,1142026,1,40,40,1,0.73600000,2
11,137.0000,2,5,12,0,2,4,24,13,1142042,1,13,37,1,0.69343066,1
10,132.0000,8,15,13,1,2,9,30,40,1142059,1,40,70,0,0.49242424,1
8,16.0000,8,1,10,0,2,3,0,0,1142109,1,0,0,0,0.31250000,1
4,125.0000,2,1,11,1,2,5,0,0,1142141,1,0,0,1,0.64800000,1
11,172.0000,7,5,12,0,2,3,0,0,1142158,1,0,0,1,0.78488372,1
12,21.0000,4,0,12,0,1,4,60,0,1142166,1,0,60,1,0.66666667,2
14,94.0000,0,0,20,0,3,12,40,0,1142208,1,0,40,1,0.80851064,1
14,515.0000,1,1,10,1,4,5,40,0,1142257,1,0,40,1,0.77475728,1
14,284.0000,0,9,14,1,4,8,40,40,1142265,1,40,80,1,0.54577465,1
2,227.0000,4,2,6,0,2,2,0,0,1142299,1,0,0,1,0.79735683,2
12,163.0000,14,0,12,1,4,6,45,20,1142307,1,20,65,0,0.45398773,1
8,71.0000,3,6,12,0,1,3,0,30,1142356,1,30,30,1,0.92957746,1
4,37.0000,2,0,7,0,1,1,0,0,1142364,1,0,0,0,0.48648649,1
10,148.0000,8,3,12,0,2,3,0,0,1142380,1,0,0,1,0.83783784,1
10,36.0000,4,7,12,0,1,3,0,40,1142398,1,40,40,1,0.91666667,1
14,162.0000,31,11,19,1,4,8,40,12,1142430,1,12,52,1,0.72839506,1
6,219.0000,7,14,17,0,2,7,0,0,1142448,1,0,0,1,0.74429224,1
10,49.0000,1,27,13,0,1,3,0,0,1142455,1,0,0,1,0.97959184,1
8,55.0000,10,7,8,3,1,3,0,7,1142463,1,7,7,1,0.81818182,1
4,131.0000,6,0,12,0,3,5,20,40,1142513,1,40,60,1,0.81679389,2
10,94.0000,2,3,15,0,3,8,50,24,1142539,1,24,74,0,0.46808511,1
14,66.0000,12,8,20,0,1,3,0,0,1142547,1,0,0,1,0.74242424,1
13,137.0000,11,0,13,0,2,3,0,0,1142562,1,0,0,1,0.67153285,1
12,129.0000,9,11,18,1,3,5,50,0,1142588,1,0,50,1,0.62790698,1
5,56.0000,9,2,11,0,1,2,0,0,1142604,1,0,0,1,0.96428571,1
12,44.0000,4,0,16,0,2,3,25,0,1142612,1,0,25,1,0.79545455,1
14,154.0000,4,2,16,1,2,3,0,0,1142653,1,0,0,1,0.58441558,1
10,193.0000,2,7,14,0,4,5,40,12,1142687,1,12,52,1,0.59067358,1
13,436.0000,5,48,16,0,2,10,60,45,1142695,1,45,105,1,0.82798165,1
4,50.0000,13,0,6,0,2,5,0,0,1142711,1,0,0,1,0.90000000,3
12,37.0000,6,0,17,0,2,7,40,45,1142760,1,45,85,0,0.10810811,1
7,198.0000,2,8,12,1,2,3,0,45,1142778,1,45,45,1,0.79292929,2
9,129.0000,3,1,15,1,3,9,60,45,1142851,1,45,105,0,0.46511628,1
12,170.0000,0,1,18,0,3,5,45,0,1142901,1,0,45,1,0.60588235,1
14,156.0000,0,0,15,0,4,4,0,44,1142919,1,44,44,1,0.82051282,1
5,34.0000,0,4,7,1,1,6,0,38,1142943,1,38,38,1,0.76470588,1
6,28.0000,4,0,13,0,1,3,0,0,1142950,1,0,0,1,1.00000000,1
8,138.0000,9,10,12,0,6,4,80,0,1143107,1,0,80,0,0.42753623,1
2,105.0000,11,1,4,0,2,2,24,0,1143115,1,0,24,1,0.72380952,1
10,135.0000,0,0,10,0,3,5,40,40,1143156,1,40,80,1,0.62222222,2
14,162.0000,0,0,13,0,4,11,45,5,1143271,1,5,50,1,0.77160494,1
13,363.0000,0,38,17,1,2,11,50,0,1143289,1,0,50,1,0.86776860,1
8,108.0000,4,1,12,1,1,3,0,36,1143305,1,36,36,1,0.52777778,1
8,86.0000,8,0,10,0,2,3,0,0,1143339,1,0,0,1,0.83720930,1
8,215.0000,11,1,13,0,3,2,0,0,1143347,1,0,0,1,0.57674419,1
12,171.0000,0,0,10,1,4,5,70,30,1143438,1,30,100,1,0.81871345,1
14,494.0000,6,18,15,0,7,11,0,0,1143503,1,0,0,1,0.96153846,1
12,104.0000,11,5,8,1,1,3,0,0,1143511,1,0,0,1,0.90384615,1
11,121.0000,3,20,13,0,2,7,50,0,1143560,1,0,50,1,1.00000000,1
13,65.0000,1,22,15,2,4,10,40,40,1143602,1,40,80,1,0.67692308,1
11,96.0000,0,10,13,0,2,3,56,4,1143677,1,4,60,1,0.81250000,1
7,92.0000,13,10,14,0,6,3,40,36,1143701,1,36,76,1,0.95652174,1
12,81.0000,10,4,10,1,2,7,40,0,1143750,1,0,40,1,0.67901235,1
10,129.0000,2,0,9,0,1,2,0,0,1143867,1,0,0,1,0.86821705,1
7,174.0000,12,3,10,0,2,2,0,0,1143925,1,0,0,1,0.87931034,1
8,18.0000,3,11,12,0,1,2,0,0,1143982,1,0,0,1,0.66666667,1
12,166.0000,0,9,14,0,2,8,56,60,1144048,1,60,116,1,0.80722892,1
9,115.0000,4,3,10,0,4,6,40,40,1144063,1,40,80,1,0.58260870,1
10,42.0000,3,0,14,0,5,5,43,25,1144071,1,25,68,1,0.71428571,1
5,60.0000,0,1,12,0,2,4,0,36,1144113,1,36,36,1,0.60000000,2
5,66.0000,2,0,8,1,3,2,50,40,1144139,1,40,90,1,0.72727273,2
12,113.0000,10,0,15,0,4,7,40,40,1144170,1,40,80,0,0.34513274,1
10,1440.0000,0,11,10,0,2,4,0,0,1144188,1,0,0,1,0.98750000,1
8,189.0000,10,32,12,0,2,12,45,0,1144196,1,0,45,1,0.73544974,1
10,60.0000,7,1,19,0,3,4,40,0,1144220,1,0,40,1,0.70000000,1
12,102.0000,1,8,14,1,4,6,40,24,1144410,1,24,64,1,0.83333333,1
11,216.0000,13,4,13,0,4,4,40,50,1144444,1,50,90,1,0.69907407,1
14,225.0000,0,0,17,1,4,5,40,16,1144451,1,16,56,1,0.80444444,1
8,44.0000,0,0,12,1,1,2,0,18,1144469,1,18,18,1,0.88636364,1
6,184.0000,2,0,16,4,4,5,60,24,1144477,1,24,84,1,0.73913043,1
10,128.0000,22,1,17,1,2,7,0,55,1144519,1,55,55,1,0.80468750,1
8,201.0000,7,6,13,0,3,7,20,47,1144584,1,47,67,1,0.96517413,1
6,44.0000,2,0,13,1,2,3,0,0,1144600,1,0,0,1,0.65909091,1
10,288.0000,13,8,16,2,4,6,60,15,1144675,1,15,75,1,0.72569444,1
14,152.0000,6,3,15,0,4,9,40,40,1144683,1,40,80,1,0.79605263,1
10,311.0000,0,0,15,0,3,13,60,25,1144691,1,25,85,1,0.97749196,1
11,203.0000,3,6,15,0,2,5,30,40,1144725,1,40,70,1,0.69950739,1
14,129.0000,0,0,16,1,2,12,40,0,1144733,1,0,40,0,0.36434109,1
8,23.0000,0,0,11,2,1,7,0,40,1144782,1,40,40,1,0.65217391,1
11,210.0000,6,7,12,0,1,2,0,0,1144790,1,0,0,1,0.78095238,1
9,321.0000,14,33,4,0,1,1,0,30,1144808,1,30,30,1,0.84423676,1
6,153.0000,1,3,5,2,4,1,0,32,1144832,1,32,32,1,0.87581699,2
10,195.0000,0,5,19,1,3,8,50,16,1144857,1,16,66,1,0.91794872,1
12,314.0000,7,5,16,1,5,4,60,0,1144899,1,0,60,0,0.49363057,1
13,155.0000,20,0,17,1,7,11,60,0,1144972,1,0,60,1,0.60645161,1
8,84.0000,3,0,13,1,1,2,0,32,1145003,1,32,32,1,0.70238095,1
10,77.0000,4,1,10,0,4,6,60,40,1145052,1,40,100,1,0.67532468,1
10,77.0000,2,0,13,0,4,5,40,0,1145086,1,0,40,1,0.94805195,1
10,133.0000,9,9,11,0,1,6,0,40,1145128,1,40,40,1,0.77443609,2
10,31.0000,2,0,12,1,3,5,0,25,1145151,1,25,25,1,0.58064516,1
8,8.0000,0,0,9,1,1,7,0,36,1145185,1,36,36,1,1.00000000,1
12,161.0000,6,27,13,0,3,6,0,0,1145250,1,0,0,1,0.96273292,1
14,7.0000,0,0,13,1,1,5,45,0,1145268,1,0,45,0,0.28571429,1
10,61.0000,0,2,14,1,2,7,0,40,1145292,1,40,40,1,0.80327869,1
12,348.0000,2,6,19,0,4,8,50,12,1145318,1,12,62,1,0.80172414,1
6,172.0000,14,0,14,6,4,3,0,0,1145359,1,0,0,1,0.52906977,1
14,87.0000,0,0,20,1,6,10,45,30,1145383,1,30,75,1,0.51724138,1
10,157.0000,1,0,18,0,3,8,40,40,1145391,1,40,80,1,0.68789809,1
14,90.0000,6,0,12,0,1,2,0,0,1145433,1,0,0,1,0.57777778,1
12,113.0000,8,0,16,0,2,5,0,0,1145458,1,0,0,1,0.92920354,1
10,49.0000,1,3,8,0,2,1,0,25,1145508,1,25,25,1,0.85714286,2
2,73.0000,0,6,10,3,2,7,0,40,1145532,1,40,40,1,0.89041096,1
12,185.0000,30,2,18,1,6,4,60,60,1145540,1,60,120,1,0.92432432,1
11,137.0000,4,3,14,0,3,5,0,0,1145565,1,0,0,1,0.95620438,1
12,88.0000,0,1,8,0,1,1,0,0,1145623,1,0,0,1,0.93181818,1
10,64.0000,7,0,10,0,2,5,40,25,1145649,1,25,65,0,0.43750000,1
12,296.0000,6,6,14,0,2,4,0,0,1145714,1,0,0,1,0.91554054,1
8,32.0000,4,0,8,0,1,5,0,0,1145839,1,0,0,1,1.00000000,1
8,64.0000,0,0,17,2,3,5,40,40,1145888,1,40,80,1,0.92187500,1
12,134.0000,4,19,15,0,2,11,44,43,1145920,1,43,87,1,0.88059701,1
9,30.0000,0,0,13,1,2,4,20,26,1145961,1,26,46,1,1.00000000,1
12,45.0000,1,3,10,0,1,6,40,0,1145979,1,0,40,1,0.66666667,1
14,102.0000,4,5,17,0,2,7,0,40,1146043,1,40,40,1,0.84313725,1
10,84.0000,2,6,17,0,5,6,15,47,1146068,1,47,62,1,0.84523810,1
6,97.0000,0,3,8,1,2,6,50,0,1146076,1,0,50,1,0.90721649,1
14,131.0000,1,11,21,2,5,11,40,40,1146175,1,40,80,0,0.49618321,1
4,125.0000,3,0,8,1,2,2,0,37,1146241,1,37,37,1,0.68800000,1
12,22.0000,5,0,12,0,2,3,0,20,1146258,1,20,20,1,0.90909091,1
10,113.0000,5,0,17,0,2,6,50,45,1146316,1,45,95,1,0.61946903,1
12,101.0000,8,25,15,0,2,6,40,16,1146365,1,16,56,1,0.98019802,1
4,43.0000,0,1,14,0,1,1,0,0,1146423,1,0,0,1,0.58139535,2
10,165.0000,0,6,6,1,4,6,77,0,1146431,1,0,77,1,0.98787879,1
10,292.0000,7,1,15,0,7,6,40,40,1146514,1,40,80,0,0.19520548,1
13,193.0000,3,9,17,1,2,2,0,18,1146522,1,18,18,1,0.96891192,1
2,48.0000,0,0,17,0,2,4,0,40,1146571,1,40,40,1,0.70833333,2
12,84.0000,2,0,14,2,2,4,0,0,1146589,1,0,0,1,0.76190476,1
9,252.0000,1,0,13,3,2,4,40,36,1146605,1,36,76,1,0.84523810,1
8,192.0000,12,4,9,0,2,4,0,0,1146639,1,0,0,1,0.73437500,1
12,30.0000,3,0,16,0,1,2,0,40,1146654,1,40,40,1,0.70000000,1
8,44.0000,0,1,12,4,1,3,0,40,1146688,1,40,40,1,0.72727273,1
10,91.0000,2,4,14,0,2,4,0,0,1146696,1,0,0,1,0.56043956,1
14,116.0000,0,5,13,0,5,7,40,40,1146753,1,40,80,1,0.79310345,1
14,117.0000,1,0,15,1,4,14,50,40,1146787,1,40,90,1,0.58974359,1
12,190.0000,5,26,14,1,3,9,40,35,1146795,1,35,75,1,0.98421053,1
6,100.0000,0,0,6,0,1,2,0,0,1146803,1,0,0,1,0.82000000,1
12,245.0000,8,5,17,1,4,7,50,40,1146837,1,40,90,1,0.77551020,1
14,48.0000,7,13,16,0,4,6,50,0,1146852,1,0,50,1,0.81250000,1
4,109.0000,1,0,2,1,1,2,0,0,1146878,1,0,0,1,0.99082569,2
6,68.0000,0,0,12,0,1,2,0,0,1146944,1,0,0,1,0.86764706,1
12,74.0000,8,4,16,0,3,9,40,0,1146993,1,0,40,1,0.72972973,1
16,162.0000,23,16,15,0,2,5,40,35,1147025,1,35,75,1,0.77160494,1
12,112.0000,6,0,15,2,3,6,40,20,1147041,1,20,60,1,0.89285714,1
11,156.0000,2,5,14,0,4,8,50,55,1147116,1,55,105,1,0.62820513,1
8,28.0000,0,0,9,1,1,4,0,38,1147132,1,38,38,0,0.28571429,1
12,46.0000,1,3,11,0,1,3,40,0,1147157,1,0,40,1,0.52173913,1
12,26.0000,1,0,12,1,2,6,30,50,1147165,1,50,80,0,0.50000000,2
12,98.0000,3,4,16,1,3,3,0,40,1147207,1,40,40,1,0.63265306,1
4,90.0000,2,0,6,0,1,2,0,0,1147223,1,0,0,1,0.70000000,1
12,38.0000,0,1,14,9,1,2,0,20,1147272,1,20,20,1,0.63157895,1
10,23.0000,0,0,8,0,1,7,0,0,1147330,1,0,0,1,0.95652174,1
12,333.0000,2,2,17,0,2,6,50,46,1147355,1,46,96,1,0.61561562,1
12,275.0000,10,6,17,0,4,6,40,15,1147363,1,15,55,1,0.55272727,1
10,94.0000,1,18,12,0,2,11,0,10,1147405,1,10,10,1,0.85106383,1
8,31.0000,0,0,14,0,2,10,37,40,1147447,1,40,77,0,0.12903226,1
10,40.0000,0,6,10,0,3,3,0,40,1147454,1,40,40,1,0.60000000,2
14,29.0000,0,0,13,0,2,8,20,0,1147512,1,0,20,0,0.41379310,1
4,88.0000,3,0,4,0,2,1,0,0,1147538,1,0,0,1,0.95454545,1
12,56.0000,3,2,15,1,2,4,0,60,1147546,1,60,60,1,0.75000000,1
14,79.0000,0,0,17,1,1,10,0,50,1147561,1,50,50,1,0.68354430,1
6,58.0000,0,0,8,0,1,1,0,25,1147587,1,25,25,1,0.79310345,2
10,68.0000,0,2,12,0,2,3,0,0,1147645,1,0,0,1,0.58823529,1
12,54.0000,0,0,14,1,2,4,35,0,1147652,1,0,35,1,0.79629630,1
12,246.0000,6,8,17,0,3,9,45,45,1147702,1,45,90,1,0.53252033,1
10,86.0000,0,0,14,1,2,3,0,20,1147710,1,20,20,0,0.37209302,1
10,160.0000,12,0,15,1,5,4,40,24,1147801,1,24,64,1,0.76875000,1
8,274.0000,6,0,11,0,6,4,50,0,1147835,1,0,50,1,0.63868613,1
10,122.0000,0,3,14,3,3,7,50,48,1147843,1,48,98,1,0.63934426,1
12,80.0000,9,16,19,1,3,12,40,20,1147892,1,20,60,1,0.61250000,1
12,35.0000,4,6,15,0,3,6,40,40,1147900,1,40,80,1,0.74285714,2
8,153.0000,0,16,15,2,2,4,0,40,1147926,1,40,40,0,0.24183007,1
12,196.0000,3,4,14,0,5,6,45,0,1147991,1,0,45,1,0.66326531,1
14,100.0000,5,0,14,1,3,5,45,28,1148049,1,28,73,1,0.90000000,1
10,183.0000,5,2,8,1,3,7,40,25,1148064,1,25,65,1,0.66120219,1
10,93.0000,0,4,19,1,3,8,52,40,1148098,1,40,92,1,0.66666667,1
6,156.0000,6,12,10,0,2,12,0,50,1148106,1,50,50,1,0.66025641,2
14,189.0000,9,3,13,2,5,9,44,24,1148171,1,24,68,0,0.48148148,1
12,52.0000,2,0,14,0,2,6,40,0,1148205,1,0,40,1,0.78846154,1
8,238.0000,4,1,9,1,4,5,40,45,1148239,1,45,85,1,0.72268908,1
10,81.0000,0,0,13,1,1,1,0,35,1148254,1,35,35,1,0.72839506,1
16,131.0000,6,15,21,3,2,7,0,0,1148296,1,0,0,1,0.82442748,1
2,17.0000,2,0,10,0,1,4,0,60,1148312,1,60,60,0,0.47058824,2
12,75.0000,0,0,17,0,2,8,0,0,1148320,1,0,0,1,0.74666667,1
12,342.0000,3,6,15,1,4,7,40,25,1148379,1,25,65,1,0.59649123,1
8,196.0000,1,0,16,0,2,4,0,40,1148395,1,40,40,1,0.75000000,1
10,57.0000,2,1,14,4,2,4,0,44,1148403,1,44,44,1,0.56140351,1
8,186.0000,0,0,13,0,2,3,0,0,1148429,1,0,0,1,0.62903226,1
14,59.0000,6,3,13,2,4,6,40,45,1148452,1,45,85,1,0.52542373,1
10,212.0000,18,9,13,1,5,5,40,24,1148478,1,24,64,1,0.78301887,1
12,75.0000,7,1,16,0,4,11,55,20,1148528,1,20,75,1,0.81333333,1
12,272.0000,9,4,10,0,1,2,0,14,1148536,1,14,14,1,0.66544118,1
11,186.0000,6,7,11,0,4,5,50,0,1148577,1,0,50,1,0.54301075,1
16,115.0000,1,0,19,0,3,11,48,50,1148601,1,50,98,0,0.45217391,1
10,144.0000,5,2,19,1,4,9,50,40,1148668,1,40,90,1,0.79861111,1
12,155.0000,2,3,18,0,2,7,50,0,1148734,1,0,50,1,0.80645161,1
12,120.0000,2,3,12,1,3,7,0,55,1148759,1,55,55,0,0.43333333,1
14,300.0000,0,0,15,1,4,10,55,65,1148767,1,65,120,1,0.59666667,1
2,144.0000,2,0,10,0,5,1,60,50,1148809,1,50,110,1,0.78472222,2
4,131.0000,0,0,6,0,1,2,0,0,1148833,1,0,0,1,0.83206107,2
10,16.0000,0,0,10,0,1,1,0,0,1148858,1,0,0,1,0.75000000,2
10,99.0000,0,4,11,0,3,7,50,28,1148916,1,28,78,0,0.17171717,1
8,47.0000,0,1,10,3,1,1,0,0,1148999,1,0,0,1,0.61702128,2
14,78.0000,1,5,17,3,4,6,40,40,1149039,1,40,80,1,0.64102564,1
8,40.0000,4,2,10,2,1,4,0,20,1149104,1,20,20,1,0.75000000,1
10,96.0000,0,0,13,0,3,11,60,55,1149120,1,55,115,0,0.22916667,1
6,49.0000,11,0,11,1,2,4,0,40,1149153,1,40,40,1,0.65306122,1
12,69.0000,0,2,13,2,4,9,40,40,1149161,1,40,80,1,0.85507246,1
10,158.0000,5,2,12,0,3,5,45,23,1149187,1,23,68,1,0.58860759,2
11,155.0000,0,0,14,0,2,11,50,20,1149245,1,20,70,1,0.67741935,1
14,310.0000,0,0,12,2,2,5,0,45,1149286,1,45,45,1,0.61612903,1
12,243.0000,0,9,10,0,2,5,0,0,1149328,1,0,0,1,0.75720165,3
8,116.0000,3,3,14,1,3,4,0,40,1149336,1,40,40,0,0.19827586,1
12,97.0000,15,1,14,0,1,8,20,0,1149344,1,0,20,1,0.90721649,1
10,59.0000,4,0,15,9,3,13,50,40,1149435,1,40,90,0,0.42372881,1
10,124.0000,10,6,17,0,4,7,60,0,1149500,1,0,60,1,0.81451613,1
12,162.0000,0,4,13,0,2,3,0,15,1149559,1,15,15,1,0.92592593,1
16,237.0000,6,0,14,3,3,12,55,45,1149575,1,45,100,1,0.72995781,1
12,67.0000,4,22,13,0,2,4,0,0,1149617,1,0,0,1,0.80597015,1
10,382.0000,10,0,14,2,2,7,60,0,1149682,1,0,60,1,0.64136126,1
8,273.0000,0,6,15,3,3,4,40,0,1149724,1,0,40,1,0.83882784,1
10,192.0000,4,7,7,1,3,4,46,40,1149781,1,40,86,1,0.63020833,1
12,208.0000,2,6,17,0,4,9,50,40,1149831,1,40,90,1,0.62980769,1
10,106.0000,0,1,14,0,1,2,0,20,1149849,1,20,20,1,0.63207547,2
8,115.0000,4,0,14,1,3,2,0,0,1149872,1,0,0,1,0.69565217,1
18,71.0000,0,0,15,0,2,11,55,55,1149922,1,55,110,0,0.38028169,1
12,108.0000,0,0,14,0,5,6,24,40,1149930,1,40,64,1,0.60185185,1
10,129.0000,6,0,13,0,4,9,40,40,1149955,1,40,80,1,0.82170543,1
14,26.0000,0,0,12,0,1,3,0,40,1149963,1,40,40,0,0.42307692,2
11,117.0000,3,3,13,0,3,9,60,30,1150037,1,30,90,1,0.67521368,1
10,294.0000,15,2,14,0,3,6,40,40,1150045,1,40,80,0,0.30272109,1
14,41.0000,2,2,11,0,1,4,40,0,1150094,1,0,40,1,0.90243902,1
14,76.0000,9,0,10,0,2,8,0,0,1150151,1,0,0,1,0.75000000,1
14,115.0000,3,6,14,1,5,10,60,70,1150177,1,70,130,0,0.31304348,1
12,56.0000,4,1,15,0,1,5,0,32,1150185,1,32,32,1,0.69642857,1
16,276.0000,4,9,17,1,3,8,50,60,1150243,1,60,110,0,0.38405797,1
12,102.0000,6,13,16,1,2,6,40,16,1150268,1,16,56,0,0.34313725,1
10,135.0000,0,3,12,0,2,6,50,45,1150367,1,45,95,1,0.78518519,1
10,36.0000,3,11,16,0,1,3,0,0,1150375,1,0,0,1,0.83333333,1
4,166.0000,4,2,10,4,2,2,40,11,1150383,1,11,51,1,0.93975904,2
14,233.0000,9,1,16,0,2,5,0,40,1150391,1,40,40,1,0.85407725,1
10,167.0000,0,10,12,1,3,6,45,40,1150433,1,40,85,1,0.59281437,1
6,483.0000,2,0,8,2,3,2,0,0,1150441,1,0,0,1,0.87991718,2
12,41.0000,1,2,12,0,2,8,0,40,1150466,1,40,40,1,0.68292683,1
14,194.0000,7,5,15,1,5,11,50,25,1150516,1,25,75,1,0.57216495,1
10,324.0000,3,2,13,1,3,8,40,40,1150524,1,40,80,0,0.36419753,1
6,38.0000,0,7,10,0,1,3,0,40,1150532,1,40,40,1,0.97368421,1
12,113.0000,0,0,10,1,3,4,30,30,1150565,1,30,60,1,0.82300885,1
8,150.0000,2,0,13,0,4,8,45,40,1150573,1,40,85,0,0.38666667,1
12,201.0000,6,14,14,1,4,8,40,40,1150581,1,40,80,1,0.73631841,1
12,228.0000,9,18,14,0,5,6,40,33,1150615,1,33,73,1,0.74122807,1
12,186.0000,13,0,12,0,4,8,45,30,1150698,1,30,75,1,0.90322581,1
7,244.0000,1,8,1,1,2,1,0,20,1150722,1,20,20,0,0.47950820,1
16,128.0000,12,3,19,0,3,7,60,0,1150797,1,0,60,1,0.67968750,1
12,137.0000,0,2,18,0,3,14,40,0,1150862,1,0,40,1,0.89051095,1
7,44.0000,2,0,16,2,2,6,0,36,1151001,1,36,36,1,0.56818182,2
10,79.0000,0,0,6,0,3,2,0,0,1151019,1,0,0,1,0.82278481,1
12,81.0000,6,0,10,0,1,5,0,26,1151043,1,26,26,1,0.70370370,3
14,1472.0000,10,1,16,1,2,14,40,40,1151050,1,40,80,1,0.90896739,1
4,28.0000,4,1,6,0,1,5,0,0,1151084,1,0,0,1,0.67857143,2
14,164.0000,0,7,17,2,4,7,50,6,1151092,1,6,56,1,0.60365854,1
10,113.0000,0,2,15,1,4,10,48,46,1151118,1,46,94,1,0.96460177,1
14,167.0000,0,0,15,2,4,8,55,0,1151142,1,0,55,1,0.62874251,1
10,78.0000,4,1,16,0,2,5,0,0,1151225,1,0,0,1,0.53846154,1
12,46.0000,0,8,13,1,2,6,40,0,1151290,1,0,40,1,0.52173913,1
12,195.0000,7,13,14,0,2,6,0,0,1151340,1,0,0,1,0.61025641,1
8,246.0000,7,10,10,0,2,11,0,0,1151381,1,0,0,1,0.76016260,1
14,279.0000,12,2,15,1,4,4,40,40,1151498,1,40,80,0,0.25448029,1
14,54.0000,0,1,12,0,6,7,50,52,1151514,1,52,102,0,0.40740741,1
12,274.0000,8,5,14,0,2,6,0,0,1151522,1,0,0,1,0.68248175,1
16,122.0000,0,2,18,0,2,8,50,40,1151555,1,40,90,1,0.60655738,1
10,379.0000,0,0,8,0,4,5,45,40,1151563,1,40,85,1,0.73087071,1
10,66.0000,0,1,10,1,3,6,32,50,1151670,1,50,82,1,0.59090909,1
12,48.0000,4,7,17,1,2,11,0,40,1151688,1,40,40,1,0.72916667,1
14,235.0000,6,1,10,0,2,5,10,42,1151712,1,42,52,1,0.88510638,3
10,136.0000,0,0,17,1,2,5,45,30,1151746,1,30,75,1,0.72058824,2
12,130.0000,12,8,14,0,2,5,0,0,1151860,1,0,0,1,0.88461538,1
16,315.0000,10,15,17,1,4,10,50,40,1151894,1,40,90,1,0.55238095,1
10,211.0000,6,3,12,4,6,4,0,37,1151902,1,37,37,0,0.49763033,2
10,36.0000,0,0,9,1,4,3,40,10,1151928,1,10,50,1,0.83333333,1
10,71.0000,0,1,14,0,5,9,45,0,1151969,1,0,45,1,0.80281690,1
12,301.0000,1,4,15,1,5,9,40,40,1151977,1,40,80,1,0.62790698,1
11,365.0000,6,4,13,0,5,6,55,30,1152082,1,30,85,0,0.42465753,1
9,87.0000,0,2,12,0,4,9,45,45,1152116,1,45,90,0,0.28735632,1
12,83.0000,2,2,16,0,4,6,50,0,1152132,1,0,50,1,0.96385542,1
10,125.0000,10,0,15,0,4,7,50,40,1152140,1,40,90,0,0.36000000,1
12,175.0000,0,7,13,0,4,12,50,45,1152173,1,45,95,0,0.23428571,1
10,185.0000,9,10,18,0,2,5,24,40,1152199,1,40,64,1,0.76216216,1
8,87.0000,0,1,13,0,1,2,0,0,1152256,1,0,0,1,0.79310345,1
12,16.0000,7,3,15,0,2,12,50,50,1152280,1,50,100,0,0.43750000,1
6,96.0000,0,0,12,1,1,2,0,19,1152314,1,19,19,1,0.68750000,1
10,163.0000,2,0,15,0,4,9,40,38,1152322,1,38,78,1,0.53987730,1
14,723.0000,15,30,21,1,5,7,45,20,1152355,1,20,65,1,0.70401107,1
12,106.0000,0,0,17,3,4,10,45,0,1152397,1,0,45,1,0.82075472,1
8,69.0000,0,0,12,1,2,9,50,40,1152496,1,40,90,1,0.52173913,1
8,88.0000,30,14,10,3,1,3,0,46,1152553,1,46,46,1,0.78409091,1
12,117.0000,1,3,15,3,5,3,50,25,1152561,1,25,75,1,0.79487179,1
6,97.0000,11,1,12,0,2,2,0,0,1152587,1,0,0,1,0.89690722,1
8,53.0000,0,0,12,0,4,7,40,40,1152611,1,40,80,1,0.62264151,1
10,292.0000,4,1,15,0,4,6,60,25,1152652,1,25,85,1,0.82876712,1
13,212.0000,0,11,13,1,3,5,40,0,1152694,1,0,40,1,0.71226415,1
11,45.0000,0,5,16,1,4,4,40,0,1152744,1,0,40,0,0.44444444,1
8,93.0000,0,6,16,0,2,5,40,40,1152850,1,40,80,0,0.41935484,1
8,138.0000,3,1,14,0,4,7,50,0,1152876,1,0,50,1,0.78260870,1
10,187.0000,4,0,14,0,7,7,52,48,1152926,1,48,100,0,0.47058824,1
14,48.0000,0,1,13,1,4,6,40,5,1152942,1,5,45,0,0.25000000,1
12,94.0000,6,3,10,0,2,5,0,0,1153007,1,0,0,1,0.61702128,1
8,149.0000,5,1,16,2,4,5,40,0,1153023,1,0,40,1,0.74496644,1
15,190.0000,0,0,20,1,4,10,50,40,1153106,1,40,90,1,0.68421053,1
12,155.0000,2,0,11,1,4,9,45,32,1153213,1,32,77,0,0.30322581,1
10,204.0000,7,10,14,0,4,8,40,20,1153239,1,20,60,1,0.71568627,1
10,73.0000,0,0,15,0,4,8,40,36,1153270,1,36,76,1,0.50684932,1
10,78.0000,6,4,12,0,2,5,40,0,1153304,1,0,40,1,0.71794872,1
11,63.0000,2,0,17,0,3,5,0,40,1153379,1,40,40,0,0.49206349,1
13,27.0000,2,0,10,0,2,4,0,0,1153387,1,0,0,1,0.66666667,1
10,47.0000,0,0,15,0,2,9,0,40,1153395,1,40,40,0,0.10638298,1
12,338.0000,3,4,19,1,4,10,40,40,1153502,1,40,80,1,0.55917160,1
12,96.0000,12,0,6,0,2,6,0,0,1153510,1,0,0,1,1.00000000,1
4,75.0000,7,0,8,0,2,3,0,40,1153536,1,40,40,0,0.40000000,1
2,150.0000,7,10,6,1,2,4,70,40,1153569,1,40,110,1,0.60666667,1
10,105.0000,0,0,11,3,3,3,0,45,1153635,1,45,45,1,0.67619048,1
6,181.0000,0,2,10,0,6,5,40,30,1153684,1,30,70,1,0.72928177,1
10,5.0000,0,2,10,0,1,6,0,40,1153692,1,40,40,0,0.20000000,1
10,90.0000,0,3,11,2,3,6,45,40,1153718,1,40,85,1,0.90000000,2
10,319.0000,2,1,12,1,6,9,45,0,1153726,1,0,45,1,0.56426332,1
10,42.0000,0,0,12,0,1,5,40,0,1153734,1,0,40,0,0.38095238,2
10,268.0000,7,0,14,1,4,7,40,40,1153742,1,40,80,1,0.62686567,1
8,144.0000,0,0,12,3,2,6,50,12,1153783,1,12,62,0,0.31944444,1
10,221.0000,0,1,14,2,4,5,60,30,1153791,1,30,90,1,0.95927602,2
16,173.0000,1,0,14,0,4,10,50,21,1153916,1,21,71,1,0.65317919,1
12,167.0000,0,0,20,1,3,10,40,0,1153932,1,0,40,1,0.98802395,1
10,90.0000,7,15,8,1,3,6,40,40,1153981,1,40,80,1,0.77777778,1
12,343.0000,22,31,6,0,1,7,0,45,1154047,1,45,45,1,0.78134111,1
12,85.0000,0,2,13,0,4,11,48,40,1154062,1,40,88,0,0.31764706,1
12,121.0000,15,0,12,1,4,5,0,48,1154088,1,48,48,1,0.93388430,1
12,268.0000,1,1,19,0,4,10,40,0,1154104,1,0,40,1,0.74253731,1
12,244.0000,0,0,18,0,6,8,45,40,1154161,1,40,85,1,0.79918033,1
12,226.0000,23,3,16,0,6,4,40,0,1154203,1,0,40,1,0.75221239,1
11,175.0000,2,10,16,1,2,8,0,0,1154245,1,0,0,1,0.77714286,1
12,258.0000,6,0,14,2,3,10,60,40,1154302,1,40,100,0,0.45736434,1
9,57.0000,0,13,17,3,5,4,45,40,1154310,1,40,85,1,0.71929825,1
12,273.0000,17,12,12,0,5,7,40,40,1154336,1,40,80,1,0.60805861,1
16,114.0000,0,0,15,1,2,7,40,40,1154351,1,40,80,1,0.82456140,1
12,51.0000,3,2,11,0,2,5,36,20,1154468,1,20,56,1,0.70588235,1
6,177.0000,3,0,13,0,3,4,20,40,1154500,1,40,60,1,0.68361582,1
12,56.0000,6,0,14,0,2,5,42,24,1154526,1,24,66,1,0.80357143,1
10,263.0000,7,27,13,0,2,4,45,35,1154542,1,35,80,0,0.37262357,1
8,754.0000,2,0,14,1,2,6,0,40,1154559,1,40,40,1,0.75331565,1
12,233.0000,1,7,12,1,4,11,40,42,1154666,1,42,82,0,0.31330472,1
8,82.0000,5,0,13,0,4,7,40,30,1154682,1,30,70,0,0.06097561,1
10,62.0000,0,3,17,0,2,3,0,0,1154708,1,0,0,1,0.87096774,1
10,87.0000,18,1,15,0,6,10,40,40,1154732,1,40,80,1,0.57471264,1
8,34.0000,0,0,8,0,1,1,0,5,1154757,1,5,5,1,0.67647059,1
8,94.0000,2,2,15,0,3,5,20,40,1154807,1,40,60,0,0.48936170,1
10,169.0000,3,10,12,0,5,1,40,0,1154831,1,0,40,1,0.88757396,1
8,122.0000,0,0,15,0,2,9,40,40,1154849,1,40,80,1,0.63114754,1
14,129.0000,0,5,17,0,4,8,45,30,1154864,1,30,75,1,0.61240310,1
14,114.0000,5,7,15,1,4,5,6,10,1154880,1,10,16,0,0.18421053,1
12,98.0000,0,0,17,1,4,10,55,0,1154914,1,0,55,1,0.66326531,1
7,191.0000,1,0,16,1,4,5,0,40,1154948,1,40,40,1,0.73298429,1
12,452.0000,0,10,19,0,6,14,70,10,1154971,1,10,80,1,0.84292035,1
2,22.0000,3,0,4,0,2,2,33,0,1154989,1,0,33,1,0.86363636,1
14,105.0000,0,0,14,1,4,4,40,45,1154997,1,45,85,1,0.57142857,1
6,119.0000,0,1,15,0,2,9,40,36,1155036,1,36,76,1,0.77310924,1
10,83.0000,0,1,19,1,3,9,40,40,1155150,1,40,80,1,0.81927711,1
14,54.0000,4,0,19,1,4,10,50,21,1155242,1,21,71,1,0.72222222,1
14,68.0000,3,1,17,1,2,8,45,40,1155259,1,40,85,0,0.41176471,1
6,73.0000,0,9,16,0,2,5,0,55,1155275,1,55,55,0,0.36986301,2
10,372.0000,3,6,15,1,5,7,50,50,1155317,1,50,100,1,0.59677419,1
10,30.0000,4,4,4,0,1,2,0,0,1155382,1,0,0,1,0.53333333,1
10,117.0000,24,0,8,0,3,6,0,0,1155408,1,0,0,1,0.65811966,1
10,208.0000,4,8,15,1,4,5,20,40,1155473,1,40,60,1,0.57692308,1
10,175.0000,2,0,19,1,2,3,0,0,1155499,1,0,0,1,1.00000000,1
14,112.0000,0,0,17,4,4,11,40,40,1155515,1,40,80,0,0.35714286,1
12,76.0000,0,0,11,0,2,8,0,40,1155531,1,40,40,1,0.73684211,1
12,233.0000,0,0,16,2,3,10,60,45,1155572,1,45,105,1,1.00000000,1
14,69.0000,0,2,16,0,2,8,60,38,1155689,1,38,98,1,0.50724638,1
12,62.0000,0,7,14,0,2,5,5,32,1155705,1,32,37,0,0.50000000,1
10,114.0000,0,0,20,1,4,9,60,45,1155721,1,45,105,1,0.53508772,1
12,132.0000,2,16,18,0,2,9,0,40,1155747,1,40,40,1,0.52272727,1
10,211.0000,2,0,14,1,2,4,10,40,1155770,1,40,50,1,0.79620853,1
2,101.0000,5,0,13,0,2,3,0,58,1155796,1,58,58,0,0.24752475,2
11,128.0000,1,3,16,1,4,6,40,25,1155887,1,25,65,1,0.60156250,1
14,155.0000,6,2,16,0,4,9,50,40,1155895,1,40,90,1,0.54193548,1
11,199.0000,4,0,13,1,4,7,40,20,1155960,1,20,60,1,0.58291457,1
12,183.0000,8,5,15,1,5,9,45,40,1156000,1,40,85,0,0.49180328,1
6,82.0000,0,0,10,0,3,6,40,40,1156042,1,40,80,1,0.64634146,1
12,61.0000,0,0,17,2,2,12,40,40,1156075,1,40,80,1,0.50819672,1
16,300.0000,11,5,18,2,4,6,40,40,1156208,1,40,80,1,0.71333333,1
8,227.0000,2,5,12,0,2,5,0,40,1156430,1,40,40,1,0.58149780,1
12,205.0000,0,0,17,1,2,8,40,40,1156513,1,40,80,1,0.80975610,1
10,85.0000,0,3,16,1,3,14,65,0,1156711,1,0,65,1,0.76470588,1
10,78.0000,3,0,16,1,3,7,40,44,1156737,1,44,84,1,0.70512821,1
10,140.0000,4,0,12,1,4,7,40,25,1156745,1,25,65,1,0.74285714,1
12,63.0000,1,2,20,1,2,10,45,20,1156869,1,20,65,1,0.53968254,1
13,76.0000,0,0,13,1,3,8,55,40,1156877,1,40,95,1,0.69736842,1
12,74.0000,5,0,20,2,5,10,50,40,1157008,1,40,90,1,0.82432432,1
12,73.0000,10,9,8,0,2,5,40,10,1157065,1,10,50,1,0.78082192,2
2,52.0000,0,0,4,0,1,2,0,0,1157214,1,0,0,1,0.78846154,2
13,175.0000,26,0,19,2,4,8,40,0,1157263,1,0,40,1,0.78285714,1
8,137.0000,0,1,10,1,3,10,66,28,1157339,1,28,94,0,0.29197080,1
12,120.0000,2,0,16,0,2,6,30,0,1157354,1,0,30,1,0.70833333,1
5,45.0000,0,6,7,0,2,7,0,0,2100016,2,0,0,1,0.80000000,1
6,175.0000,0,13,9,2,3,4,0,35,2100024,2,35,35,1,0.83428571,1
5,17.0000,0,2,7,0,1,4,0,0,2100057,2,0,0,1,0.82352941,1
6,76.0000,0,11,10,0,2,3,0,0,2100065,2,0,0,1,0.75000000,1
3,122.0000,0,3,7,1,5,4,44,0,2100081,2,0,44,1,0.78688525,1
5,175.0000,0,24,8,1,3,9,45,40,2100107,2,40,85,0,0.49714286,1
5,162.0000,0,10,7,1,2,5,0,0,2100123,2,0,0,1,0.74691358,1
4,65.0000,0,1,6,5,4,5,0,0,2100198,2,0,0,0,0.20000000,1
5,159.0000,0,0,7,0,2,5,0,0,2100271,2,0,0,1,0.78616352,1
4,137.0000,0,8,8,1,3,5,60,45,2100370,2,45,105,0,0.31386861,1
8,35.0000,0,2,11,1,4,9,40,20,2100396,2,20,60,0,0.42857143,1
5,90.0000,0,4,9,1,4,9,40,40,2100404,2,40,80,1,0.74444444,1
5,145.0000,0,17,9,5,3,7,50,40,2100420,2,40,90,0,0.44827586,1
5,41.0000,0,0,8,0,2,9,25,40,2100461,2,40,65,0,0.41463415,1
5,130.0000,0,0,6,0,2,2,0,40,2100479,2,40,40,1,0.68461538,1
5,56.0000,0,8,5,0,2,4,0,0,2100503,2,0,0,1,0.67857143,1
4,26.0000,0,0,8,0,1,5,0,40,2100560,2,40,40,1,0.84615385,1
2,13.0000,0,0,0,2,1,1,0,0,2100594,2,0,0,1,1.00000000,1
5,84.0000,0,3,7,1,2,9,40,4,2100602,2,4,44,1,0.59523810,1
6,49.0000,0,0,6,2,2,3,0,0,2100628,2,0,0,1,0.61224490,1
6,63.0000,0,0,9,8,4,8,50,30,2100636,2,30,80,1,0.82539683,1
6,78.0000,0,0,10,0,3,6,40,30,2100669,2,30,70,0,0.43589744,1
3,107.0000,0,29,7,4,2,6,40,38,2100685,2,38,78,1,0.65420561,1
5,72.0000,0,5,6,1,2,5,0,0,2100693,2,0,0,1,0.56944444,1
4,93.0000,3,29,10,1,5,6,60,0,2100750,2,0,60,1,0.68817204,1
5,106.0000,0,0,9,3,3,5,0,40,2100768,2,40,40,1,0.94339623,1
4,70.0000,0,34,10,0,3,4,43,8,2100800,2,8,51,1,0.81428571,1
6,75.0000,0,2,9,0,2,6,0,35,2100818,2,35,35,1,0.73333333,1
5,206.0000,0,0,7,3,4,7,40,0,2100875,2,0,40,1,0.73786408,1
4,42.0000,0,12,6,0,1,4,41,0,2100883,2,0,41,1,0.90476190,1
4,521.0000,0,0,9,4,2,7,44,24,2100891,2,24,68,1,0.81381958,1
5,93.0000,0,11,4,0,2,8,30,0,2100909,2,0,30,1,0.56989247,1
5,67.0000,0,1,9,3,3,7,60,0,2100925,2,0,60,1,0.88059701,1
5,11.0000,0,4,9,0,2,5,0,46,2100933,2,46,46,1,0.63636364,2
5,122.0000,0,0,8,2,4,8,40,40,2100941,2,40,80,1,0.88524590,1
5,291.0000,0,28,6,0,2,5,0,50,2100974,2,50,50,1,1.00000000,1
3,21.0000,0,0,8,0,2,3,0,40,2100982,2,40,40,1,0.52380952,2
4,53.0000,0,0,10,1,4,4,50,35,2101063,2,35,85,1,0.83018868,1
3,200.0000,0,0,3,1,4,1,0,0,2101121,2,0,0,1,0.60500000,2
4,75.0000,0,4,7,3,3,3,40,0,2101139,2,0,40,1,0.70666667,2
3,68.0000,1,0,5,3,5,4,40,0,2101154,2,0,40,1,0.75000000,2
5,33.0000,0,0,4,0,1,2,0,0,2101188,2,0,0,1,0.90909091,2
4,5.0000,0,0,9,0,1,2,0,35,2101204,2,35,35,1,1.00000000,1
4,123.0000,2,4,8,2,2,5,0,40,2101311,2,40,40,1,0.78048780,1
4,54.0000,0,0,6,2,3,3,40,40,2101352,2,40,80,1,0.77777778,1
3,128.0000,0,6,5,3,5,3,0,10,2101378,2,10,10,1,0.71093750,1
5,180.0000,0,0,8,1,3,12,50,40,2101394,2,40,90,1,0.72222222,1
7,188.0000,0,5,11,3,6,5,40,0,2101428,2,0,40,1,0.93617021,1
5,19.0000,0,0,10,0,5,11,40,40,2101451,2,40,80,1,0.52631579,1
4,81.0000,0,7,8,3,2,7,50,45,2101600,2,45,95,1,0.71604938,1
4,95.0000,0,14,8,1,5,6,25,40,2101733,2,40,65,0,0.23157895,2
6,147.0000,2,8,8,1,4,6,50,0,2101758,2,0,50,1,0.95238095,1
6,13.0000,0,1,7,1,2,10,0,40,2101766,2,40,40,1,0.92307692,1
5,112.0000,0,8,5,3,3,7,40,42,2101782,2,42,82,1,0.54464286,1
6,26.0000,0,0,8,1,4,11,40,40,2101790,2,40,80,0,0.46153846,1
5,98.0000,0,4,7,0,3,9,60,40,2101832,2,40,100,1,0.61224490,1
5,148.0000,0,16,8,0,2,4,0,15,2101840,2,15,15,1,0.74324324,1
5,94.0000,0,19,9,1,2,6,40,0,2101915,2,0,40,1,0.82978723,2
4,248.0000,2,2,8,0,4,10,65,0,2101949,2,0,65,0,0.34677419,1
3,22.0000,0,1,7,0,2,7,0,0,2101956,2,0,0,1,0.72727273,1
7,188.0000,0,6,9,0,2,7,0,0,2101980,2,0,0,1,0.71276596,1
6,26.0000,0,0,11,0,2,5,0,0,2102020,2,0,0,1,0.69230769,1
4,36.0000,0,0,6,0,2,2,0,0,2102046,2,0,0,1,0.97222222,1
3,46.0000,3,19,4,4,1,1,0,30,2102087,2,30,30,1,0.76086957,1
5,33.0000,0,17,8,1,2,11,0,20,2102095,2,20,20,1,0.84848485,1
5,50.0000,2,7,10,0,3,8,65,45,2102129,2,45,110,0,0.32000000,1
4,25.0000,0,1,7,0,2,3,0,0,2102178,2,0,0,1,0.92000000,1
6,139.0000,9,28,9,2,2,2,0,0,2102186,2,0,0,1,0.84172662,1
5,80.0000,0,13,10,1,2,13,60,0,2102228,2,0,60,0,0.43750000,1
3,440.0000,0,2,8,2,4,5,40,40,2102251,2,40,80,1,0.99545455,2
7,151.0000,0,30,9,0,4,9,40,20,2102277,2,20,60,1,0.68874172,1
6,61.0000,1,15,8,1,1,3,0,0,2102285,2,0,0,1,0.75409836,1
6,77.0000,0,0,10,1,2,4,0,0,2102293,2,0,0,1,0.79220779,1
5,121.0000,0,7,8,1,3,8,40,0,2102343,2,0,40,1,0.73553719,1
4,65.0000,0,3,7,0,1,6,0,40,2102350,2,40,40,1,0.67692308,1
6,51.0000,0,1,7,1,2,6,0,0,2102400,2,0,0,1,0.86274510,1
5,120.0000,0,1,9,1,3,9,60,30,2102442,2,30,90,0,0.49166667,1
4,171.0000,0,25,9,0,2,11,30,40,2102459,2,40,70,1,0.50877193,1
3,24.0000,0,1,8,2,4,4,45,0,2102467,2,0,45,0,0.41666667,2
5,49.0000,0,0,9,1,5,6,45,20,2102483,2,20,65,1,0.79591837,1
5,45.0000,0,0,6,0,2,7,40,0,2102525,2,0,40,1,0.53333333,1
6,46.0000,0,0,9,3,3,7,42,35,2102665,2,35,77,1,0.93478261,2
1,31.0000,0,12,7,1,2,5,40,0,2102673,2,0,40,1,0.80645161,1
4,49.0000,0,5,7,1,3,7,42,18,2102715,2,18,60,1,0.79591837,1
5,48.0000,0,0,8,1,2,8,40,44,2102780,2,44,84,1,0.56250000,1
5,230.0000,0,169,7,0,5,7,45,40,2102830,2,40,85,1,0.65217391,3
6,235.0000,0,4,8,0,6,8,50,30,2102913,2,30,80,1,0.85531915,1
4,26.0000,0,2,9,1,1,4,0,0,2102962,2,0,0,1,0.96153846,1
5,122.0000,0,1,7,1,4,6,50,40,2102970,2,40,90,0,0.42622951,1
5,33.0000,0,0,6,1,2,5,0,0,2102988,2,0,0,1,0.81818182,1
5,36.0000,2,6,4,0,2,6,20,0,2103077,2,0,20,1,0.75000000,1
4,4.0000,0,0,4,0,1,5,0,40,2103150,2,40,40,0,0.50000000,1
6,50.0000,0,0,10,1,4,7,50,0,2103200,2,0,50,1,0.60000000,1
3,195.0000,0,33,2,0,2,2,0,0,2103218,2,0,0,1,0.91282051,2
1,16.0000,0,8,6,1,3,3,40,35,2103234,2,35,75,1,0.81250000,2
4,181.0000,0,9,9,2,3,4,60,40,2103242,2,40,100,0,0.40883978,1
5,156.0000,0,24,9,2,2,9,40,40,2103291,2,40,80,1,0.70512821,1
6,183.0000,0,2,11,1,4,6,55,22,2103309,2,22,77,0,0.24043716,1
4,20.0000,0,0,6,1,2,4,40,32,2103325,2,32,72,0,0.35000000,1
4,83.0000,0,4,5,1,3,6,40,0,2103358,2,0,40,1,0.68674699,1
4,31.0000,0,12,9,3,2,8,40,40,2103382,2,40,80,1,0.67741935,1
6,139.0000,0,39,7,4,3,7,50,40,2103390,2,40,90,0,0.41726619,1
7,117.0000,0,2,8,0,2,11,0,0,2103424,2,0,0,1,0.87179487,1
5,54.0000,0,17,7,1,2,4,0,0,2103614,2,0,0,1,0.83333333,1
5,86.0000,0,0,7,0,2,7,34,0,2103721,2,0,34,1,0.76744186,1
4,128.0000,0,32,5,4,3,6,40,0,2103887,2,0,40,1,0.79687500,1
0,117.0000,0,14,0,8,1,1,10,0,2103929,2,0,10,1,0.67521368,2
5,156.0000,2,34,7,1,3,5,40,0,2103978,2,0,40,1,0.56410256,1
5,64.0000,0,0,7,2,5,10,50,0,2103994,2,0,50,1,0.93750000,1
4,57.0000,0,5,3,2,2,2,0,0,2104034,2,0,0,1,0.92982456,1
6,83.0000,0,0,9,2,4,6,50,0,2104067,2,0,50,1,0.80722892,1
4,12.0000,0,0,8,1,1,4,0,40,2104091,2,40,40,0,0.50000000,1
6,54.0000,2,0,5,3,2,3,40,0,2104166,2,0,40,0,0.50000000,1
4,69.0000,0,6,4,0,1,3,0,0,2104174,2,0,0,1,0.52173913,1
3,41.0000,0,0,5,1,1,1,0,40,2104182,2,40,40,1,0.73170732,2
5,133.0000,0,0,7,0,1,4,0,45,2104190,2,45,45,1,0.61654135,1
5,80.0000,0,9,10,2,6,9,40,24,2104273,2,24,64,1,0.58750000,1
5,145.0000,4,26,11,3,3,5,16,29,2104406,2,29,45,1,0.81379310,1
4,307.0000,0,6,9,2,4,7,40,40,2104422,2,40,80,1,0.73941368,1
5,19.0000,0,4,6,1,2,12,45,14,2104547,2,14,59,1,1.00000000,1
6,293.0000,0,8,10,1,5,14,50,0,2104554,2,0,50,1,0.96928328,1
5,65.0000,0,4,7,0,3,5,40,40,2104612,2,40,80,1,0.67692308,2
4,78.0000,0,15,8,0,2,5,45,40,2104620,2,40,85,0,0.43589744,3
6,24.0000,0,0,7,1,1,3,0,0,2104646,2,0,0,1,0.75000000,1
5,85.0000,0,18,8,1,1,5,0,40,2104661,2,40,40,0,0.49411765,1
4,154.0000,4,0,8,1,4,8,40,40,2104695,2,40,80,1,0.85714286,1
4,18.0000,0,0,9,4,2,4,0,0,2104703,2,0,0,0,0.38888889,1
4,122.0000,0,9,8,1,2,3,48,0,2104869,2,0,48,0,0.43442623,1
4,155.0000,0,0,7,0,2,7,40,0,2104885,2,0,40,1,0.50967742,1
6,200.0000,6,12,10,0,5,7,0,20,2104950,2,20,20,0,0.45000000,1
1,27.0000,0,0,6,0,1,3,0,40,2105122,2,40,40,1,0.55555556,2
6,11.0000,0,0,8,1,2,10,45,0,2105148,2,0,45,1,1.00000000,1
4,98.0000,0,0,5,2,3,2,0,24,2105155,2,24,24,1,0.69387755,1
2,55.0000,0,0,5,0,1,3,43,0,2105163,2,0,43,1,1.00000000,2
4,66.0000,0,0,7,0,1,1,0,0,2105239,2,0,0,1,0.63636364,1
6,279.0000,0,37,8,2,5,7,45,0,2105254,2,0,45,1,0.76702509,1
6,133.0000,2,6,8,0,4,7,40,32,2105296,2,32,72,1,0.51879699,1
5,60.0000,0,0,8,0,2,8,0,0,2105320,2,0,0,1,0.68333333,1
4,61.0000,0,0,6,0,1,3,0,0,2105346,2,0,0,1,0.75409836,1
5,65.0000,0,1,10,1,3,8,45,20,2105361,2,20,65,0,0.49230769,1
4,22.0000,0,0,6,4,2,3,0,0,2105395,2,0,0,1,0.86363636,1
6,45.0000,0,3,8,1,4,6,40,20,2105403,2,20,60,1,0.88888889,1
4,45.0000,3,2,7,0,4,3,0,0,2105486,2,0,0,1,0.64444444,1
6,208.0000,0,10,11,3,4,8,40,30,2105502,2,30,70,1,0.84134615,1
4,6.0000,0,0,7,1,1,4,0,40,2105528,2,40,40,1,0.66666667,1
5,71.0000,0,1,8,0,2,6,0,50,2105536,2,50,50,1,0.57746479,2
5,19.0000,2,0,6,0,2,5,0,0,2105551,2,0,0,1,0.84210526,1
4,199.0000,0,26,1,2,2,3,0,0,2105692,2,0,0,0,0.46733668,1
6,65.0000,0,5,7,0,2,14,50,50,2105700,2,50,100,1,0.90769231,1
3,122.0000,0,7,6,1,4,3,60,0,2105734,2,0,60,1,0.78688525,2
6,97.0000,0,2,4,0,3,8,44,40,2105759,2,40,84,0,0.44329897,1
6,87.0000,0,8,8,2,2,5,0,35,2105783,2,35,35,1,0.63218391,1
4,77.0000,3,9,7,2,5,5,8,25,2105791,2,25,33,1,0.72727273,1
5,104.0000,3,16,6,0,1,5,0,0,2105817,2,0,0,1,0.83653846,1
4,24.0000,0,0,8,0,1,4,0,45,2105916,2,45,45,0,0.41666667,1
6,6.0000,0,0,8,0,1,6,0,40,2105924,2,40,40,0,0.33333333,2
5,253.0000,1,2,7,0,4,5,78,0,2105932,2,0,78,1,0.83399209,1
5,144.0000,0,5,5,2,4,6,50,10,2105973,2,10,60,1,0.67361111,2
3,58.0000,0,5,5,4,3,4,0,40,2106021,2,40,40,1,0.93103448,2
5,37.0000,0,0,5,1,3,4,0,40,2106047,2,40,40,0,0.35135135,2
4,129.0000,2,4,6,0,2,6,0,0,2106112,2,0,0,1,0.79069767,1
7,72.0000,0,0,6,0,2,3,0,30,2106187,2,30,30,1,0.55555556,1
7,190.0000,0,0,8,1,4,10,40,40,2106286,2,40,80,0,0.43684211,1
6,229.0000,0,6,11,0,2,4,0,0,2106294,2,0,0,0,0.48471616,1
4,127.0000,0,4,8,1,4,5,45,0,2106310,2,0,45,1,0.77165354,1
5,35.0000,0,2,10,0,2,11,52,48,2106351,2,48,100,0,0.37142857,1
5,17.0000,0,0,6,0,2,12,0,0,2106385,2,0,0,1,0.52941176,1
3,161.0000,0,2,6,1,2,5,0,43,2106401,2,43,43,0,0.17391304,1
4,38.0000,2,0,4,1,2,4,0,20,2106567,2,20,20,1,1.00000000,1
5,39.0000,0,1,9,1,3,8,40,0,2106625,2,0,40,1,0.79487179,1
5,51.0000,0,6,7,1,2,5,35,20,2106682,2,20,55,1,0.74509804,1
5,82.0000,0,3,9,3,3,12,60,60,2106690,2,60,120,0,0.19512195,1
5,76.0000,0,49,2,1,1,1,0,0,2106724,2,0,0,1,1.00000000,1
5,393.0000,0,0,7,1,5,10,40,40,2106799,2,40,80,1,0.69974555,1
6,70.0000,0,1,8,0,2,4,40,40,2106815,2,40,80,1,0.92857143,1
3,62.0000,0,0,5,0,1,3,0,40,2106823,2,40,40,1,0.82258065,2
4,60.0000,0,4,6,0,2,3,0,30,2106831,2,30,30,1,0.85000000,1
6,132.0000,0,0,10,3,4,9,40,30,2106856,2,30,70,1,0.62121212,1
4,93.0000,0,32,5,1,2,3,0,0,2106880,2,0,0,1,0.92473118,1
3,13.0000,0,0,5,2,2,5,40,0,2107011,2,0,40,1,0.92307692,1
4,122.0000,0,0,8,2,4,8,40,35,2107094,2,35,75,1,0.77868852,1
4,51.0000,0,9,6,1,2,12,40,40,2107102,2,40,80,0,0.31372549,1
5,54.0000,0,6,9,4,4,6,54,0,2107151,2,0,54,1,0.83333333,1
5,69.0000,0,7,11,2,4,5,35,15,2107185,2,15,50,1,0.85507246,1
1,103.0000,0,1,3,0,1,1,0,0,2107193,2,0,0,1,0.96116505,2
4,22.0000,0,2,6,1,3,5,44,0,2107243,2,0,44,0,0.50000000,1
5,130.0000,0,2,9,0,2,4,0,0,2107250,2,0,0,1,0.90000000,1
6,310.0000,0,7,6,0,2,3,0,0,2107268,2,0,0,1,0.80322581,1
5,35.0000,0,3,9,0,3,4,0,40,2107284,2,40,40,1,0.68571429,2
7,33.0000,0,2,10,1,4,5,40,0,2107300,2,0,40,1,0.81818182,1
3,25.0000,0,0,3,0,1,1,0,0,2107359,2,0,0,1,0.84000000,2
7,104.0000,0,17,8,2,5,4,40,0,2107391,2,0,40,1,0.97115385,1
5,42.0000,2,7,7,0,2,6,0,0,2107441,2,0,0,1,1.00000000,1
6,84.0000,0,0,7,1,4,10,50,0,2107557,2,0,50,1,0.89285714,1
5,98.0000,0,0,11,0,2,9,40,40,2107706,2,40,80,1,0.71428571,1
6,78.0000,0,1,9,2,3,7,40,0,2107730,2,0,40,1,1.00000000,1
6,164.0000,0,1,7,0,4,4,40,0,2107862,2,0,40,1,0.57926829,1
4,116.0000,0,5,8,1,3,7,50,0,2107912,2,0,50,1,0.72413793,1
5,200.0000,0,5,9,3,2,6,0,40,2107953,2,40,40,0,0.32500000,1
4,107.0000,0,3,5,0,1,2,0,0,2107961,2,0,0,1,0.72897196,1
4,53.0000,0,0,4,0,2,2,0,32,2107979,2,32,32,0,0.47169811,1
6,31.0000,0,0,8,0,2,6,0,0,2107987,2,0,0,1,0.70967742,1
4,29.0000,0,6,9,4,3,6,0,40,2108019,2,40,40,1,0.75862069,1
6,97.0000,0,0,8,0,4,7,40,45,2108100,2,45,85,0,0.16494845,1
6,47.0000,2,2,8,0,4,11,40,40,2108142,2,40,80,0,0.23404255,1
4,155.0000,0,0,7,1,4,5,40,35,2108209,2,35,75,1,0.81290323,1
5,95.0000,0,0,5,0,2,4,0,0,2108225,2,0,0,1,0.77894737,1
3,41.0000,2,14,7,3,2,3,40,0,2108266,2,0,40,1,0.90243902,1
7,89.0000,0,0,11,3,1,9,0,40,2108290,2,40,40,1,0.58426966,1
1,22.0000,0,3,5,0,1,3,0,0,2108431,2,0,0,1,0.81818182,2
5,109.0000,0,2,6,0,4,4,60,0,2108464,2,0,60,0,0.18348624,1
4,53.0000,1,15,5,1,1,2,0,0,2108498,2,0,0,1,0.92452830,2
5,120.0000,0,9,10,1,5,12,60,50,2108506,2,50,110,1,0.70833333,1
5,67.0000,3,10,6,0,5,5,47,20,2108522,2,20,67,1,0.62686567,1
6,79.0000,0,0,8,1,3,5,39,0,2108563,2,0,39,1,0.62025316,1
4,99.0000,0,1,9,1,3,5,42,43,2108571,2,43,85,1,0.52525253,1
6,38.0000,0,0,9,1,2,6,0,0,2108621,2,0,0,1,1.00000000,1
5,102.0000,0,0,9,1,4,6,40,0,2108639,2,0,40,1,0.88235294,1
5,155.0000,0,2,7,1,2,7,64,40,2108647,2,40,104,1,0.78064516,1
5,58.0000,0,2,8,1,5,7,45,0,2108670,2,0,45,1,0.96551724,1
7,72.0000,2,4,8,0,2,13,48,55,2108696,2,55,103,1,0.73611111,1
4,54.0000,0,10,10,1,4,10,40,0,2108704,2,0,40,1,0.88888889,1
3,17.0000,0,3,8,1,1,2,0,32,2108753,2,32,32,1,0.58823529,1
4,89.0000,0,0,8,0,1,7,0,0,2108779,2,0,0,1,0.55056180,1
4,159.0000,0,0,7,1,4,5,45,40,2108811,2,40,85,0,0.22641509,1
5,95.0000,0,5,7,0,2,9,40,20,2108837,2,20,60,1,0.82105263,1
2,64.0000,0,0,8,3,1,2,0,0,2108878,2,0,0,0,0.34375000,2
5,218.0000,0,26,10,1,3,6,42,10,2108886,2,10,52,0,0.46788991,1
7,78.0000,0,12,8,0,5,8,45,0,2108894,2,0,45,1,0.55128205,1
5,37.0000,3,2,6,0,1,4,0,0,2108910,2,0,0,1,0.78378378,1
4,5.0000,0,0,6,2,2,7,0,0,2108928,2,0,0,1,1.00000000,1
6,123.0000,5,2,6,5,5,6,40,40,2108944,2,40,80,0,0.27642276,1
6,57.0000,0,19,10,0,2,5,40,40,2108951,2,40,80,1,0.87719298,1
5,123.0000,2,1,11,2,2,3,0,16,2108985,2,16,16,1,0.81300813,1
4,137.0000,0,15,8,6,2,4,0,0,2109025,2,0,0,1,0.82481752,1
5,49.0000,0,1,6,2,4,6,40,40,2109033,2,40,80,1,0.81632653,1
5,33.0000,1,2,6,1,3,7,40,30,2109066,2,30,70,1,0.54545455,1
2,33.0000,0,0,5,0,2,4,0,37,2109116,2,37,37,1,0.87878788,2
5,80.0000,0,55,6,0,1,4,0,40,2109140,2,40,40,0,0.37500000,1
6,148.0000,0,1,6,4,4,11,60,40,2109157,2,40,100,0,0.43918919,2
5,57.0000,0,1,5,0,2,6,40,0,2109165,2,0,40,1,0.96491228,1
4,42.0000,0,2,4,1,1,9,0,0,2109199,2,0,0,1,0.85714286,1
5,47.0000,0,0,8,1,5,7,40,45,2109207,2,45,85,1,0.76595745,1
4,88.0000,0,10,7,4,3,6,40,40,2109280,2,40,80,1,0.57954545,1
6,110.0000,0,17,6,1,5,5,40,20,2109298,2,20,60,1,0.73636364,1
5,47.0000,0,0,7,0,2,4,16,0,2109314,2,0,16,1,0.85106383,1
5,141.0000,0,17,8,1,5,6,37,47,2109348,2,47,84,1,0.70921986,3
5,71.0000,1,1,7,1,5,1,50,0,2109363,2,0,50,1,0.95774648,1
6,90.0000,0,3,11,0,3,13,50,20,2109454,2,20,70,0,0.50000000,1
3,39.0000,0,1,2,1,2,4,35,0,2109512,2,0,35,0,0.02564103,1
3,459.0000,0,20,7,0,3,2,0,0,2109520,2,0,0,1,0.73856209,2
5,119.0000,0,0,8,2,3,7,40,0,2109553,2,0,40,1,0.69747899,1
3,42.0000,0,1,6,3,3,4,40,0,2109561,2,0,40,0,0.50000000,1
4,88.0000,0,0,7,2,1,2,0,0,2109645,2,0,0,1,0.68181818,1
5,157.0000,0,2,5,1,2,3,0,0,2109686,2,0,0,1,0.70700637,1
3,160.0000,1,22,8,2,4,6,45,50,2109769,2,50,95,1,0.51875000,1
6,103.0000,0,4,10,0,4,8,40,35,2109835,2,35,75,0,0.45631068,1
7,64.0000,0,0,10,1,4,3,0,0,2109850,2,0,0,1,0.73437500,1
4,93.0000,0,0,4,0,1,3,0,0,2109942,2,0,0,1,0.84946237,2
5,71.0000,0,14,9,4,2,5,40,40,2109959,2,40,80,1,0.70422535,1
3,222.0000,0,0,7,2,5,11,50,0,2109991,2,0,50,1,0.55405405,1
5,176.0000,0,0,9,1,2,8,45,40,2110007,2,40,85,1,0.71022727,1
5,147.0000,0,37,10,1,4,12,50,42,2110015,2,42,92,0,0.40816327,1
8,110.0000,0,31,7,2,4,5,0,42,2110023,2,42,42,1,0.65454545,1
4,291.0000,0,6,7,2,5,6,55,60,2110031,2,60,115,1,0.60824742,1
3,34.0000,0,5,5,1,2,5,0,0,2110049,2,0,0,1,0.70588235,1
4,91.0000,0,17,8,0,2,5,0,40,2110056,2,40,40,1,0.75824176,1
7,64.0000,0,5,8,1,2,8,0,0,2110098,2,0,0,1,0.84375000,1
4,51.0000,0,8,8,0,2,11,40,5,2110106,2,5,45,1,0.90196078,1
6,130.0000,0,0,10,1,2,13,45,40,2110122,2,40,85,1,0.52307692,1
3,62.0000,0,4,6,0,1,3,0,0,2110130,2,0,0,1,0.87096774,1
7,69.0000,0,0,6,2,2,5,0,40,2110155,2,40,40,0,0.24637681,1
5,57.0000,0,29,7,0,2,12,20,20,2110171,2,20,40,1,0.71929825,1
6,40.0000,0,2,9,5,3,10,0,60,2110189,2,60,60,0,0.47500000,1
5,187.0000,0,5,7,1,4,6,40,40,2110379,2,40,80,1,0.50267380,1
5,170.0000,0,37,10,0,4,2,0,30,2110411,2,30,30,1,0.74705882,2
5,25.0000,0,0,7,0,1,3,0,40,2110460,2,40,40,0,0.04000000,3
6,37.0000,0,0,9,1,2,5,0,0,2110478,2,0,0,1,0.78378378,1
5,64.0000,0,15,6,1,1,2,0,0,2110544,2,0,0,1,0.79687500,1
3,89.0000,0,3,8,0,2,3,30,35,2110577,2,35,65,1,0.75280899,2
4,177.0000,0,2,9,3,3,8,45,16,2110593,2,16,61,1,0.74011299,1
5,133.0000,0,0,5,0,2,3,40,0,2110601,2,0,40,1,0.88721805,1
6,372.0000,3,38,9,2,4,5,40,20,2110635,2,20,60,1,0.71774194,2
5,88.0000,0,0,8,0,2,2,0,8,2110650,2,8,8,1,0.73863636,1
5,103.0000,0,6,9,2,4,5,40,40,2110692,2,40,80,1,0.79611650,1
4,35.0000,2,4,4,0,1,9,0,45,2110775,2,45,45,0,0.45714286,1
4,233.0000,2,43,7,1,3,5,40,0,2110833,2,0,40,1,0.94849785,1
5,115.0000,2,0,9,2,5,12,60,8,2110841,2,8,68,1,0.83478261,1
4,43.0000,0,2,6,1,1,4,0,30,2110858,2,30,30,1,0.72093023,1
3,161.0000,0,0,7,0,2,5,40,40,2110866,2,40,80,1,0.93788820,2
6,43.0000,0,1,6,1,1,4,0,40,2110890,2,40,40,1,0.62790698,1
2,105.0000,0,4,5,0,1,5,0,0,2110940,2,0,0,0,0.40952381,2
1,135.0000,0,1,8,0,3,4,0,40,2110965,2,40,40,1,0.65185185,2
6,77.0000,0,2,9,1,4,9,50,20,2110999,2,20,70,1,0.66233766,1
5,89.0000,0,0,4,4,1,3,0,0,2111013,2,0,0,1,0.88764045,1
5,159.0000,0,2,10,2,6,8,46,40,2111104,2,40,86,1,0.88050314,1
5,44.0000,0,0,4,1,2,3,0,0,2111153,2,0,0,1,0.79545455,1
5,252.0000,0,0,7,1,2,6,0,35,2111203,2,35,35,1,0.81349206,1
5,46.0000,8,0,8,0,2,8,0,0,2111229,2,0,0,1,0.95652174,1
5,51.0000,0,5,9,2,3,11,70,0,2111245,2,0,70,1,0.72549020,1
3,32.0000,0,6,6,1,1,5,60,0,2111252,2,0,60,1,0.90625000,1
4,41.0000,0,1,6,1,1,1,0,0,2111310,2,0,0,1,0.90243902,1
5,19.0000,2,5,9,3,3,3,45,40,2111385,2,40,85,1,0.94736842,2
5,31.0000,0,5,7,1,2,8,40,40,2111427,2,40,80,0,0.22580645,1
5,46.0000,0,0,9,3,4,2,40,37,2111435,2,37,77,1,0.56521739,2
4,122.0000,0,6,3,0,2,3,0,0,2111492,2,0,0,1,0.74590164,1
7,163.0000,0,2,11,3,3,11,45,0,2111609,2,0,45,1,0.91411043,1
6,25.0000,0,1,8,0,2,12,50,30,2111633,2,30,80,1,0.96000000,1
6,149.0000,0,1,11,1,5,7,45,16,2111674,2,16,61,0,0.37583893,1
5,231.0000,0,2,8,1,2,5,0,0,2111708,2,0,0,1,0.73160173,1
6,52.0000,0,4,8,0,2,2,0,0,2111732,2,0,0,1,0.80769231,1
5,43.0000,0,6,9,0,4,7,40,40,2111765,2,40,80,0,0.41860465,1
2,110.0000,0,10,7,4,3,5,0,40,2111815,2,40,40,0,0.13636364,2
5,36.0000,0,0,9,2,4,9,40,50,2111856,2,50,90,1,0.61111111,1
3,115.0000,0,3,6,0,1,3,0,35,2111872,2,35,35,0,0.45217391,1
6,427.0000,0,3,9,1,4,11,40,40,2111922,2,40,80,1,0.73536300,1
4,61.0000,0,5,3,0,2,4,0,0,2111948,2,0,0,1,0.91803279,1
6,96.0000,0,11,8,1,4,10,50,40,2111955,2,40,90,1,0.66666667,1
4,70.0000,1,6,7,0,3,6,40,20,2112037,2,20,60,1,0.98571429,1
4,55.0000,0,2,7,1,2,4,0,40,2112060,2,40,40,0,0.23636364,1
6,58.0000,0,0,11,3,4,8,45,0,2112078,2,0,45,0,0.17241379,1
4,26.0000,0,3,7,0,4,6,40,40,2112151,2,40,80,1,0.92307692,1
5,103.0000,0,19,9,1,3,7,40,37,2112193,2,37,77,1,0.59223301,1
4,118.0000,0,0,7,0,4,1,0,0,2112219,2,0,0,1,0.55932203,2
5,31.0000,0,0,9,3,4,10,50,0,2112235,2,0,50,1,0.87096774,1
3,18.0000,0,0,6,2,1,1,0,0,2112342,2,0,0,1,0.72222222,1
5,87.0000,0,0,10,2,5,7,55,0,2112409,2,0,55,1,0.71264368,1
5,99.0000,0,1,8,0,4,14,65,0,2112417,2,0,65,1,0.89898990,1
4,32.0000,1,1,6,2,1,2,0,0,2112425,2,0,0,1,0.93750000,1
4,39.0000,0,6,8,7,3,5,40,0,2112482,2,0,40,1,0.82051282,3
5,242.0000,0,13,10,2,4,9,50,48,2112516,2,48,98,0,0.47933884,1
4,38.0000,2,19,9,1,1,4,0,40,2112615,2,40,40,1,0.63157895,1
4,48.0000,0,0,9,1,3,5,0,40,2112730,2,40,40,1,0.52083333,2
4,19.0000,0,0,7,1,1,6,40,0,2112797,2,0,40,1,0.73684211,1
5,50.0000,0,8,11,1,2,10,40,35,2112821,2,35,75,1,0.86000000,1
5,8.0000,0,0,5,0,1,5,0,0,2112888,2,0,0,1,0.87500000,2
4,25.0000,0,7,10,1,2,6,60,0,2112904,2,0,60,1,0.88000000,1
5,27.0000,0,2,6,0,1,2,0,0,2112953,2,0,0,1,0.74074074,1
3,69.0000,2,11,8,0,1,2,0,0,2113035,2,0,0,0,0.39130435,2
3,19.0000,0,0,8,1,2,4,0,40,2113043,2,40,40,0,0.21052632,2
3,117.0000,0,5,5,1,2,2,0,0,2113092,2,0,0,1,0.86324786,1
5,37.0000,0,7,10,6,2,8,0,24,2113142,2,24,24,1,0.67567568,1
5,48.0000,0,4,9,2,4,9,50,40,2113233,2,40,90,0,0.31250000,1
5,99.0000,0,30,8,2,2,9,40,40,2113241,2,40,80,1,0.72727273,1
5,16.0000,0,1,4,0,1,5,0,0,2113290,2,0,0,1,0.75000000,1
7,132.0000,0,16,10,2,2,7,0,40,2113340,2,40,40,0,0.45454545,2
5,49.0000,0,0,8,0,2,5,0,50,2113365,2,50,50,1,0.53061224,1
5,39.0000,0,0,8,2,3,6,20,40,2113449,2,40,60,1,0.61538462,1
5,56.0000,0,16,8,0,2,5,0,0,2113456,2,0,0,1,0.57142857,1
5,129.0000,5,2,10,2,4,8,44,0,2113464,2,0,44,1,0.88372093,1
3,78.0000,0,0,7,7,1,3,0,40,2113472,2,40,40,1,0.76923077,2
4,51.0000,0,2,4,1,2,5,40,40,2113555,2,40,80,1,0.56862745,1
5,52.0000,0,12,9,2,3,2,0,20,2113571,2,20,20,1,0.78846154,1
2,77.0000,0,0,8,1,2,3,0,0,2113597,2,0,0,1,0.97402597,1
3,32.0000,0,0,4,2,2,2,0,0,2113613,2,0,0,0,0.28125000,1
5,33.0000,3,4,7,0,2,6,0,0,2113639,2,0,0,1,0.81818182,1
1,114.0000,0,3,6,0,1,1,0,0,2113647,2,0,0,1,0.68421053,1
6,149.0000,0,6,9,0,2,11,42,0,2113696,2,0,42,1,0.79194631,1
6,170.0000,0,9,8,0,4,7,40,30,2113712,2,30,70,1,0.76470588,1
5,517.0000,0,71,10,0,2,5,40,0,2113753,2,0,40,0,0.33462282,1
5,75.0000,0,12,7,2,3,6,0,40,2113779,2,40,40,1,0.56000000,1
2,10.0000,0,0,6,1,1,5,0,50,2113787,2,50,50,1,1.00000000,2
3,100.0000,0,1,5,2,5,5,40,20,2113837,2,20,60,1,0.72000000,1
4,230.0000,0,19,5,0,2,9,40,40,2113852,2,40,80,0,0.20000000,1
6,33.0000,0,2,7,0,2,5,0,0,2113910,2,0,0,1,0.96969697,3
4,197.0000,0,34,8,0,2,7,0,0,2113951,2,0,0,1,0.84771574,1
7,33.0000,0,0,9,2,2,9,40,40,2114017,2,40,80,1,0.87878788,1
5,17.0000,0,0,6,0,1,1,0,0,2114025,2,0,0,1,0.82352941,1
7,219.0000,0,0,4,1,1,4,0,0,2114041,2,0,0,1,0.69406393,1
6,26.0000,0,0,8,1,2,8,48,0,2114074,2,0,48,1,0.61538462,1
5,39.0000,0,1,7,2,3,6,50,40,2114157,2,40,90,1,0.61538462,1
6,44.0000,0,10,7,1,2,3,0,6,2114165,2,6,6,1,0.65909091,1
5,186.0000,0,34,8,3,5,8,40,50,2114207,2,50,90,1,0.79569892,1
4,130.0000,0,6,7,2,3,6,40,0,2114215,2,0,40,1,0.60769231,1
4,55.0000,0,4,7,0,1,3,0,0,2114231,2,0,0,1,0.87272727,1
4,83.0000,0,32,9,3,4,11,45,40,2114272,2,40,85,1,0.50602410,1
6,25.0000,0,3,10,1,2,8,35,0,2114280,2,0,35,1,0.72000000,1
5,80.0000,0,0,8,1,2,13,80,40,2114314,2,40,120,1,0.55000000,1
6,93.0000,0,8,8,1,5,12,55,0,2114348,2,0,55,1,0.75268817,1
3,51.0000,0,3,7,2,1,3,0,32,2114355,2,32,32,1,0.76470588,1
5,277.0000,0,5,4,3,2,5,0,40,2114371,2,40,40,1,0.75812274,1
6,22.0000,0,1,7,0,2,6,0,0,2114454,2,0,0,1,0.72727273,1
6,23.0000,2,0,7,0,2,5,20,7,2114462,2,7,27,1,0.65217391,1
6,93.0000,0,19,9,1,3,5,0,0,2114496,2,0,0,1,0.68817204,1
5,320.0000,0,9,7,2,6,8,40,29,2114512,2,29,69,1,0.66875000,1
6,86.0000,0,0,5,8,2,3,40,0,2114579,2,0,40,0,0.16279070,1
2,159.0000,0,0,6,0,4,2,0,35,2114736,2,35,35,1,0.69182390,2
5,44.0000,0,1,9,1,4,10,40,24,2114744,2,24,64,1,0.59090909,1
5,119.0000,0,13,7,2,1,1,0,0,2114819,2,0,0,1,0.54621849,1
6,96.0000,0,0,7,0,2,7,40,40,2114892,2,40,80,1,0.54166667,1
5,30.0000,0,0,9,4,2,9,0,50,2114918,2,50,50,1,0.86666667,1
6,44.0000,0,3,7,0,1,4,0,0,2114926,2,0,0,1,0.90909091,1
6,35.0000,0,2,9,1,3,8,55,0,2114942,2,0,55,1,0.80000000,1
6,186.0000,0,44,9,0,2,4,0,30,2114975,2,30,30,1,0.60752688,1
2,10.0000,0,1,7,0,1,3,0,22,2115006,2,22,22,1,0.90000000,1
5,96.0000,0,0,11,0,3,4,0,40,2115055,2,40,40,0,0.40625000,1
5,28.0000,0,2,8,1,2,8,50,0,2115063,2,0,50,1,1.00000000,1
6,217.0000,0,5,6,2,5,3,40,16,2115154,2,16,56,1,0.85253456,2
3,33.0000,0,0,9,0,2,3,0,40,2115170,2,40,40,1,0.72727273,2
5,75.0000,0,3,9,2,4,7,60,0,2115188,2,0,60,1,0.76000000,1
5,208.0000,0,8,9,3,5,7,40,30,2115220,2,30,70,1,0.96153846,1
4,59.0000,2,0,10,2,4,4,40,0,2115279,2,0,40,1,1.00000000,1
4,110.0000,0,1,7,1,3,6,40,20,2115345,2,20,60,1,0.54545455,1
5,116.0000,0,0,8,1,3,5,0,40,2115477,2,40,40,1,0.59482759,1
4,189.0000,0,22,9,1,2,5,40,30,2115485,2,30,70,1,0.75132275,2
3,170.0000,0,40,8,2,1,3,0,45,2115527,2,45,45,0,0.42941176,1
5,28.0000,0,8,10,0,3,5,0,0,2115667,2,0,0,1,0.92857143,1
4,248.0000,0,116,3,1,4,4,40,0,2115733,2,0,40,1,0.91532258,2
6,158.0000,0,16,7,0,5,3,75,16,2115741,2,16,91,1,0.77848101,1
6,82.0000,0,1,10,0,4,12,40,40,2115774,2,40,80,0,0.50000000,1
5,144.0000,2,5,4,1,2,2,45,0,2115782,2,0,45,0,0.34027778,1
4,28.0000,0,0,5,1,2,11,48,60,2115998,2,60,108,1,0.53571429,1
4,266.0000,0,6,9,0,2,6,50,48,2116053,2,48,98,1,0.54511278,1
4,36.0000,0,3,8,0,4,5,0,40,2116137,2,40,40,0,0.50000000,1
6,141.0000,0,2,11,2,2,8,0,45,2116186,2,45,45,1,0.68794326,1
3,267.0000,0,1,6,1,5,3,40,25,2116194,2,25,65,1,0.73782772,1
4,109.0000,0,1,8,2,5,7,44,40,2116202,2,40,84,1,0.70642202,1
6,157.0000,1,15,9,0,4,8,65,40,2116210,2,40,105,0,0.38853503,1
6,63.0000,2,2,7,0,2,6,0,15,2116244,2,15,15,1,0.84126984,1
4,33.0000,0,0,7,0,1,12,0,50,2116251,2,50,50,1,0.75757576,1
5,112.0000,0,0,10,1,4,13,40,15,2116277,2,15,55,1,0.81250000,1
4,28.0000,0,4,10,2,2,4,0,0,2116368,2,0,0,1,0.67857143,1
3,58.0000,0,3,6,2,2,7,40,40,2116418,2,40,80,1,0.75862069,1
6,43.0000,0,0,7,1,1,3,0,0,2116434,2,0,0,0,0.44186047,1
5,61.0000,8,0,4,0,1,1,0,0,2116467,2,0,0,1,1.00000000,1
6,77.0000,0,7,8,0,2,3,0,0,2116509,2,0,0,1,0.81818182,1
5,204.0000,0,6,8,1,6,9,50,50,2116558,2,50,100,1,0.97058824,1
4,72.0000,0,4,3,0,2,5,0,0,2116582,2,0,0,1,0.94444444,1
4,14.0000,0,1,7,1,5,5,65,0,2116608,2,0,65,1,0.92857143,1
5,97.0000,1,11,10,1,3,7,0,40,2116632,2,40,40,0,0.25773196,1
1,22.0000,0,1,3,1,1,1,0,0,2116699,2,0,0,1,0.90909091,2
6,46.0000,0,5,10,1,3,5,0,0,2116772,2,0,0,1,0.73913043,1
2,12.0000,0,0,3,0,1,2,0,0,2116780,2,0,0,1,0.83333333,2
6,143.0000,2,0,7,0,2,4,60,0,2116798,2,0,60,1,0.65734266,1
5,189.0000,0,11,8,0,3,8,50,40,2116855,2,40,90,1,0.96296296,1
6,91.0000,0,0,10,2,2,11,0,20,2116871,2,20,20,1,0.76923077,1
4,55.0000,0,0,6,3,3,6,40,40,2116921,2,40,80,1,0.94545455,1
4,101.0000,0,4,7,0,2,4,0,0,2116996,2,0,0,1,0.81188119,1
3,30.0000,0,10,7,0,1,4,0,40,2117002,2,40,40,1,0.63333333,2
4,93.0000,0,0,9,1,3,11,50,40,2117010,2,40,90,0,0.41935484,1
5,256.0000,4,34,10,1,2,13,45,0,2117028,2,0,45,1,0.98046875,1
5,118.0000,0,0,11,6,2,14,0,70,2117069,2,70,70,1,0.83898305,1
5,255.0000,0,0,5,4,2,3,0,0,2117135,2,0,0,1,0.74117647,1
5,42.0000,0,6,5,4,2,6,40,40,2117184,2,40,80,1,0.80952381,1
5,59.0000,0,1,7,0,2,9,40,40,2117200,2,40,80,0,0.40677966,1
7,139.0000,0,6,10,2,4,10,40,0,2117226,2,0,40,1,0.76978417,1
3,42.0000,0,0,9,1,1,4,0,45,2117242,2,45,45,0,0.14285714,1
5,103.0000,0,0,4,0,3,6,0,0,2117309,2,0,0,1,0.87378641,1
6,76.0000,0,0,8,2,2,4,0,0,2117317,2,0,0,1,0.85526316,1
4,33.0000,0,0,7,2,1,5,0,40,2117358,2,40,40,1,0.60606061,1
3,61.0000,0,0,3,0,2,2,0,0,2117424,2,0,0,1,0.83606557,3
2,151.0000,0,5,7,0,2,4,40,0,2117457,2,0,40,1,0.54966887,2
6,80.0000,0,2,8,1,3,7,40,28,2117523,2,28,68,1,0.88750000,1
4,253.0000,2,8,7,2,4,4,48,0,2117531,2,0,48,1,0.69960474,1
5,36.0000,0,0,6,0,4,8,40,35,2117549,2,35,75,0,0.38888889,1
4,26.0000,0,2,6,0,3,2,50,0,2117630,2,0,50,1,0.84615385,1
6,84.0000,0,12,9,5,4,10,50,12,2117648,2,12,62,1,0.70238095,1
6,16.0000,0,3,7,2,2,11,43,0,2117697,2,0,43,1,0.56250000,1
4,14.0000,0,0,9,1,2,12,50,50,2117713,2,50,100,0,0.35714286,1
6,72.0000,0,14,7,0,2,7,0,0,2117770,2,0,0,1,0.76388889,1
7,53.0000,0,0,10,0,4,14,40,0,2117788,2,0,40,1,0.81132075,1
6,87.0000,0,0,9,2,4,6,0,40,2117812,2,40,40,1,0.66666667,1
6,100.0000,2,10,7,0,2,9,20,45,2117861,2,45,65,1,0.63000000,1
7,64.0000,0,8,8,2,4,12,40,40,2117911,2,40,80,0,0.26562500,1
6,45.0000,0,6,10,0,2,10,0,0,2117945,2,0,0,1,0.93333333,1
5,31.0000,0,6,3,0,2,11,0,0,2117994,2,0,0,1,0.93548387,1
3,47.0000,0,2,7,3,2,7,60,40,2118075,2,40,100,0,0.38297872,1
5,232.0000,0,3,7,3,3,8,0,0,2118125,2,0,0,1,0.93103448,1
6,86.0000,0,52,9,0,3,8,40,46,2118182,2,46,86,1,0.88372093,1
4,175.0000,0,4,5,1,2,3,42,20,2118216,2,20,62,1,0.77142857,1
4,143.0000,0,2,5,3,2,2,0,40,2118257,2,40,40,1,0.55944056,2
6,105.0000,0,4,7,1,4,6,40,0,2118299,2,0,40,1,0.70476190,1
4,102.0000,2,2,4,2,2,3,52,50,2118307,2,50,102,0,0.47058824,1
5,81.0000,0,6,9,2,3,11,0,30,2118356,2,30,30,1,0.69135802,1
5,414.0000,3,0,7,0,3,6,40,0,2118372,2,0,40,1,0.63526570,1
7,103.0000,0,10,8,1,5,9,45,50,2118398,2,50,95,0,0.32038835,1
4,111.0000,0,33,9,1,3,7,50,0,2118448,2,0,50,1,0.61261261,2
5,54.0000,3,6,7,0,2,6,0,0,2118455,2,0,0,1,0.83333333,1
2,47.0000,0,0,8,0,2,2,0,30,2118562,2,30,30,0,0.48936170,2
5,248.0000,0,48,9,3,4,7,70,0,2118570,2,0,70,1,0.75806452,1
4,166.0000,0,6,8,3,2,11,40,46,2118612,2,46,86,1,0.65060241,1
3,17.0000,0,0,1,1,3,1,0,0,2118653,2,0,0,1,0.70588235,1
4,77.0000,0,0,9,0,3,8,60,40,2118679,2,40,100,1,0.75324675,1
4,95.0000,0,6,10,1,2,8,40,40,2118778,2,40,80,1,0.81052632,3
6,298.0000,0,0,9,2,3,5,40,0,2118869,2,0,40,1,0.64093960,1
4,43.0000,0,0,9,0,2,6,0,40,2118885,2,40,40,1,0.72093023,1
5,79.0000,0,2,10,0,3,8,80,0,2118927,2,0,80,1,0.94936709,1
2,103.0000,0,30,4,0,2,3,48,0,2118968,2,0,48,0,0.47572816,2
5,80.0000,0,10,6,1,2,3,0,0,2119024,2,0,0,1,0.82500000,1
5,10.0000,0,9,9,2,2,6,0,40,2119065,2,40,40,1,0.80000000,1
6,87.0000,0,3,8,0,4,6,48,35,2119115,2,35,83,1,0.57471264,1
5,51.0000,0,0,10,2,2,8,40,40,2119123,2,40,80,1,0.50980392,1
6,113.0000,0,1,10,2,4,12,50,40,2119164,2,40,90,1,0.64601770,1
6,292.0000,0,20,9,1,3,11,40,45,2119222,2,45,85,0,0.50000000,1
5,245.0000,0,26,6,2,4,5,0,0,2119230,2,0,0,1,0.90612245,1
3,21.0000,0,4,8,0,1,3,0,40,2119255,2,40,40,0,0.23809524,2
7,217.0000,0,11,9,4,5,14,50,1,2119339,2,1,51,1,0.66359447,1
3,203.0000,0,4,8,0,4,5,40,40,2119347,2,40,80,1,0.62561576,1
4,266.0000,0,12,7,3,2,5,0,40,2119362,2,40,40,1,0.82706767,2
5,85.0000,0,3,10,1,2,10,0,20,2119404,2,20,20,1,0.76470588,1
5,92.0000,0,0,10,2,8,6,60,0,2119446,2,0,60,1,0.54347826,1
3,96.0000,0,2,10,0,2,4,0,0,2119461,2,0,0,1,0.59375000,2
4,279.0000,2,2,8,1,4,6,40,20,2119479,2,20,60,0,0.43010753,1
5,69.0000,0,0,10,1,3,9,40,40,2119552,2,40,80,0,0.07246377,1
6,97.0000,0,6,10,1,2,9,50,40,2119560,2,40,90,0,0.28865979,1
6,43.0000,2,1,10,2,2,9,40,40,2119578,2,40,80,1,0.79069767,1
3,52.0000,0,14,4,0,1,2,0,0,2119594,2,0,0,1,0.86538462,1
2,103.0000,0,0,4,0,4,6,0,48,2119602,2,48,48,1,0.63106796,1
5,31.0000,0,1,7,0,1,5,0,40,2119677,2,40,40,1,0.64516129,1
6,74.0000,0,9,9,0,2,10,40,40,2119693,2,40,80,1,0.52702703,1
3,63.0000,2,2,9,1,5,6,40,20,2119735,2,20,60,0,0.44444444,1
4,14.0000,0,0,7,0,2,4,0,25,2119743,2,25,25,1,0.78571429,1
7,53.0000,0,0,11,1,2,4,0,0,2119834,2,0,0,1,0.64150943,1
5,258.0000,0,11,10,1,4,11,65,0,2119875,2,0,65,1,0.53875969,1
5,130.0000,4,17,8,4,4,7,40,50,2119917,2,50,90,1,0.65384615,1
5,78.0000,0,0,8,3,5,9,50,40,2120071,2,40,90,0,0.32051282,1
7,57.0000,0,0,10,0,4,8,50,0,2120089,2,0,50,1,0.82456140,1
4,139.0000,0,2,9,2,2,7,40,8,2120097,2,8,48,0,0.28057554,1
1,109.0000,0,5,1,1,1,5,0,0,2120196,2,0,0,1,0.83486239,1
6,21.0000,0,2,7,5,2,3,0,40,2120212,2,40,40,1,0.57142857,1
4,56.0000,0,0,7,2,3,6,0,0,2120238,2,0,0,1,0.67857143,1
4,114.0000,0,8,8,1,2,6,0,40,2120253,2,40,40,1,0.71052632,1
6,155.0000,0,18,11,1,3,9,40,0,2120261,2,0,40,0,0.41290323,1
5,13.0000,0,1,3,0,3,2,0,0,2120303,2,0,0,1,0.84615385,3
6,285.0000,0,3,8,0,3,7,40,0,2120329,2,0,40,1,0.58245614,1
7,58.0000,0,0,9,0,2,11,0,40,2120360,2,40,40,1,0.62068966,1
7,144.0000,2,37,8,2,5,11,45,50,2120378,2,50,95,1,0.72222222,1
3,33.0000,0,6,7,1,1,5,0,0,2120436,2,0,0,1,0.75757576,1
7,243.0000,0,2,9,0,4,5,40,10,2120444,2,10,50,1,0.69547325,2
5,86.0000,0,0,7,2,2,3,20,34,2120451,2,34,54,1,0.51162791,1
3,69.0000,0,10,7,0,1,4,0,0,2120485,2,0,0,1,0.57971014,1
5,50.0000,2,2,10,2,2,8,0,16,2120535,2,16,16,1,0.62000000,1
5,43.0000,0,0,9,2,1,5,0,40,2120543,2,40,40,1,0.86046512,1
5,47.0000,0,0,10,0,2,8,50,40,2120618,2,40,90,1,0.82978723,1
5,76.0000,1,6,10,3,2,9,0,0,2120675,2,0,0,1,0.67105263,1
5,54.0000,0,3,9,8,4,10,72,0,2120691,2,0,72,0,0.50000000,1
7,79.0000,0,1,10,5,5,5,0,40,2120717,2,40,40,0,0.48101266,1
5,84.0000,2,0,7,0,2,6,50,0,2120816,2,0,50,1,0.84523810,1
5,118.0000,1,2,8,0,3,4,40,0,2120840,2,0,40,0,0.42372881,1
5,76.0000,0,0,6,2,5,6,40,24,2120857,2,24,64,1,0.96052632,1
5,10.0000,0,0,7,0,2,2,0,45,2120956,2,45,45,1,1.00000000,2
4,47.0000,0,1,7,0,2,9,48,45,2120964,2,45,93,1,0.76595745,1
6,41.0000,0,1,7,1,2,4,0,8,2121095,2,8,8,1,0.80487805,1
6,94.0000,0,6,8,1,6,11,45,0,2121178,2,0,45,1,0.80851064,1
7,94.0000,0,11,9,0,5,12,32,0,2121228,2,0,32,1,0.77659574,1
6,170.0000,0,0,10,1,4,11,40,40,2121251,2,40,80,1,0.74705882,1
4,82.0000,0,35,9,3,2,8,56,0,2121277,2,0,56,1,0.90243902,1
3,8.0000,0,0,6,0,1,2,0,0,2121327,2,0,0,1,1.00000000,1
5,18.0000,0,0,6,3,2,8,40,0,2121384,2,0,40,1,0.77777778,1
5,40.0000,0,2,9,0,2,9,40,40,2121400,2,40,80,1,0.67500000,1
3,208.0000,1,15,8,3,4,6,30,40,2121418,2,40,70,1,0.67307692,1
3,34.0000,0,11,5,0,1,5,0,0,2121459,2,0,0,1,0.73529412,2
5,39.0000,0,4,9,0,2,6,0,0,2121533,2,0,0,1,0.71794872,1
6,165.0000,0,3,9,2,2,11,0,0,2121582,2,0,0,1,0.82424242,1
5,55.0000,0,0,6,1,3,6,44,0,2121590,2,0,44,1,0.65454545,1
6,84.0000,0,0,11,2,2,10,0,0,2121624,2,0,0,1,0.72619048,1
4,58.0000,0,1,4,0,5,10,40,0,2121699,2,0,40,0,0.37931034,2
4,12.0000,0,0,10,1,1,8,0,0,2121749,2,0,0,1,1.00000000,1
5,59.0000,0,1,6,1,1,2,0,0,2121855,2,0,0,1,0.72881356,1
5,60.0000,0,0,10,0,3,11,40,40,2121871,2,40,80,1,0.53333333,1
6,58.0000,0,0,4,1,2,4,0,0,2121889,2,0,0,1,0.86206897,1
7,83.0000,0,0,8,2,5,8,42,25,2121905,2,25,67,1,0.51807229,1
5,118.0000,0,6,8,5,5,11,40,35,2121947,2,35,75,1,0.68644068,1
4,19.0000,0,1,7,0,1,6,0,40,2122010,2,40,40,1,0.84210526,1
4,40.0000,0,0,8,2,2,10,0,40,2122077,2,40,40,0,0.47500000,1
6,61.0000,0,7,8,3,2,7,40,40,2122101,2,40,80,0,0.45901639,1
5,553.0000,0,8,8,1,3,3,45,20,2122200,2,20,65,1,0.50090416,1
6,144.0000,0,0,10,1,2,4,0,50,2122242,2,50,50,1,0.63888889,3
5,16.0000,0,10,5,2,2,3,0,48,2122291,2,48,48,1,0.81250000,1
5,38.0000,0,0,9,1,2,7,0,0,2122366,2,0,0,1,0.78947368,1
4,20.0000,0,1,8,0,2,4,30,0,2122374,2,0,30,0,0.10000000,1
6,307.0000,0,4,8,2,4,9,60,40,2122416,2,40,100,0,0.40390879,1
4,189.0000,0,59,8,2,4,11,0,0,2122465,2,0,0,1,0.69841270,1
4,136.0000,0,10,7,0,1,5,0,40,2122481,2,40,40,1,0.72058824,2
5,200.0000,0,3,9,1,5,14,65,5,2122515,2,5,70,1,0.84000000,1
6,175.0000,0,13,7,1,2,3,0,0,2122549,2,0,0,1,0.50857143,1
6,51.0000,0,14,10,1,3,2,0,37,2122564,2,37,37,1,0.54901961,2
7,209.0000,0,13,9,2,4,8,40,40,2122622,2,40,80,0,0.22009569,1
3,45.0000,0,0,6,0,1,3,0,50,2122655,2,50,50,1,0.93333333,1
4,95.0000,0,8,7,2,2,7,0,44,2122705,2,44,44,1,0.88421053,1
4,28.0000,0,0,9,1,3,10,40,40,2122788,2,40,80,1,0.78571429,1
4,49.0000,0,5,8,1,2,9,0,15,2122804,2,15,15,1,0.83673469,1
2,68.0000,0,1,8,1,1,4,0,58,2122838,2,58,58,0,0.41176471,1
5,143.0000,0,11,6,0,2,7,48,0,2122879,2,0,48,1,0.76223776,1
4,29.0000,0,0,7,2,1,1,0,0,2122903,2,0,0,1,1.00000000,2
5,95.0000,0,9,7,0,3,9,40,40,2122929,2,40,80,1,0.88421053,1
4,432.0000,2,44,7,0,2,6,0,0,2123000,2,0,0,1,0.69675926,1
4,30.0000,0,0,5,0,1,2,0,25,2123034,2,25,25,1,0.70000000,3
3,126.0000,0,10,7,0,2,1,0,0,2123067,2,0,0,1,0.70634921,2
5,54.0000,0,2,7,0,2,4,0,0,2123075,2,0,0,1,0.92592593,1
5,131.0000,0,0,11,3,3,11,0,0,2123091,2,0,0,1,0.87022901,1
4,182.0000,0,12,9,0,4,5,40,0,2123133,2,0,40,1,0.90109890,1
4,23.0000,0,1,6,0,2,4,0,35,2123158,2,35,35,1,0.73913043,2
5,166.0000,0,0,6,1,4,9,50,40,2123208,2,40,90,1,0.57831325,1
5,95.0000,0,29,5,0,1,5,0,0,2123257,2,0,0,1,0.80000000,1
5,27.0000,0,3,9,2,2,6,0,20,2123273,2,20,20,1,0.59259259,1
7,49.0000,0,0,8,0,6,4,60,30,2123356,2,30,90,1,0.67346939,1
6,112.0000,2,3,9,1,2,6,50,37,2123422,2,37,87,1,0.67857143,1
6,113.0000,0,0,9,1,4,6,25,50,2123430,2,50,75,1,0.78761062,1
4,95.0000,0,1,8,1,4,5,0,40,2123463,2,40,40,1,0.69473684,1
6,45.0000,0,0,8,1,4,12,40,40,2123471,2,40,80,1,0.71111111,1
5,65.0000,0,0,10,0,4,5,40,0,2123513,2,0,40,0,0.26153846,1
5,141.0000,0,0,10,0,3,11,50,50,2123554,2,50,100,0,0.25531915,1
4,77.0000,0,1,6,0,1,2,0,0,2123596,2,0,0,1,0.75324675,1
5,49.0000,0,7,9,2,3,8,0,0,2123661,2,0,0,1,1.00000000,1
6,126.0000,0,4,7,1,2,9,40,40,2123695,2,40,80,0,0.43650794,1
3,73.0000,0,13,10,0,1,6,0,60,2123760,2,60,60,1,0.67123288,2
4,137.0000,4,23,6,0,2,4,0,0,2123844,2,0,0,1,0.83211679,1
4,130.0000,1,2,6,0,4,4,37,0,2123885,2,0,37,1,0.56153846,2
6,38.0000,0,1,8,1,2,9,0,0,2123919,2,0,0,1,0.92105263,1
6,56.0000,0,0,7,0,3,9,70,40,2123968,2,40,110,1,0.85714286,1
3,231.0000,0,7,6,1,2,8,40,0,2124040,2,0,40,0,0.49350649,1
4,6.0000,0,0,5,2,1,3,40,0,2124073,2,0,40,1,1.00000000,1
3,177.0000,2,48,9,1,3,6,40,0,2124099,2,0,40,1,0.67796610,1
5,119.0000,0,3,4,1,4,6,40,0,2124115,2,0,40,1,0.68907563,1
1,173.0000,0,2,5,0,1,1,0,0,2124123,2,0,0,0,0.05202312,2
5,218.0000,0,24,10,0,2,13,40,0,2124156,2,0,40,1,0.88532110,1
4,550.0000,1,84,7,2,5,4,40,0,2124198,2,0,40,1,0.88909091,1
6,38.0000,0,4,6,0,2,5,0,0,2124214,2,0,0,0,0.36842105,1
5,64.0000,0,0,7,1,2,4,0,40,2124248,2,40,40,0,0.45312500,2
3,69.0000,0,14,6,1,1,6,0,43,2124305,2,43,43,0,0.18840580,1
5,115.0000,0,0,7,0,2,6,25,0,2124321,2,0,25,1,0.51304348,1
6,100.0000,0,0,11,0,6,11,40,40,2124388,2,40,80,1,0.52000000,1
4,154.0000,2,15,8,0,2,5,20,0,2124404,2,0,20,1,0.60389610,1
5,24.0000,0,1,4,0,1,2,0,0,2124412,2,0,0,1,1.00000000,1
4,130.0000,0,8,7,1,2,4,0,40,2124420,2,40,40,1,0.72307692,1
5,80.0000,0,12,11,1,2,7,5,0,2124511,2,0,5,1,0.80000000,1
4,246.0000,0,11,9,1,4,4,40,0,2124545,2,0,40,1,0.67479675,1
5,48.0000,0,0,10,0,6,10,40,40,2124594,2,40,80,0,0.45833333,1
5,38.0000,0,1,6,1,1,3,0,0,2124701,2,0,0,1,0.81578947,1
6,161.0000,0,8,7,1,3,8,40,45,2124750,2,45,85,1,0.54658385,1
5,41.0000,0,0,8,1,2,4,0,16,2124768,2,16,16,1,0.95121951,1
6,37.0000,0,0,6,5,3,11,45,8,2124818,2,8,53,1,0.89189189,1
6,80.0000,0,3,9,1,2,6,0,40,2124909,2,40,40,1,0.83750000,1
7,261.0000,0,0,10,1,7,10,40,0,2124941,2,0,40,1,0.70881226,1
5,91.0000,0,5,10,1,3,13,40,40,2124958,2,40,80,1,0.54945055,1
5,199.0000,0,2,7,1,6,7,50,0,2124966,2,0,50,0,0.23618090,1
2,229.0000,0,3,5,0,6,5,40,45,2125047,2,45,85,1,0.69432314,2
6,149.0000,0,19,7,1,3,4,0,0,2125203,2,0,0,1,0.94630872,1
3,12.0000,0,1,5,0,1,5,0,0,2125260,2,0,0,1,0.75000000,1
6,31.0000,0,12,8,0,2,7,50,35,2125310,2,35,85,1,0.77419355,1
5,153.0000,0,0,9,0,3,9,40,40,2125385,2,40,80,0,0.31372549,1
4,72.0000,0,7,9,0,5,3,40,42,2125401,2,42,82,1,0.55555556,2
5,92.0000,0,25,7,0,2,3,0,0,2125419,2,0,0,1,0.61956522,1
6,153.0000,0,2,10,1,3,9,60,0,2125427,2,0,60,1,0.75163399,1
4,126.0000,0,0,8,1,3,7,50,0,2125443,2,0,50,1,0.68253968,1
9,204.0000,0,21,8,2,3,4,60,0,2125476,2,0,60,1,0.77941176,1
1,138.0000,3,5,5,0,2,4,0,0,2125583,2,0,0,1,0.63768116,2
3,110.0000,0,5,6,0,1,3,0,40,2125609,2,40,40,0,0.42727273,2
2,91.0000,0,0,3,2,1,3,36,0,2125617,2,0,36,1,0.68131868,1
4,106.0000,1,43,7,1,2,8,50,25,2125633,2,25,75,1,0.70754717,1
5,102.0000,0,5,9,1,5,10,46,0,2125658,2,0,46,1,0.83333333,1
3,90.0000,0,3,7,0,2,4,40,0,2125682,2,0,40,1,0.90000000,1
4,60.0000,0,3,8,0,3,12,40,40,2125948,2,40,80,0,0.18333333,1
6,145.0000,0,10,8,0,2,5,0,0,2125963,2,0,0,1,0.86206897,1
5,158.0000,1,9,7,1,4,4,50,30,2126078,2,30,80,1,0.96835443,1
5,49.0000,4,11,10,1,2,6,0,45,2126102,2,45,45,1,0.85714286,1
5,88.0000,0,0,8,1,3,10,40,40,2126136,2,40,80,1,0.65909091,1
5,131.0000,0,6,10,2,3,7,46,32,2126243,2,32,78,1,0.70992366,1
7,106.0000,0,5,11,1,4,10,44,40,2126276,2,40,84,0,0.37735849,1
3,315.0000,0,12,4,1,3,7,0,40,2126292,2,40,40,0,0.03492063,2
7,97.0000,0,4,8,3,2,7,44,42,2126318,2,42,86,0,0.13402062,1
5,21.0000,0,8,7,1,3,10,40,0,2126458,2,0,40,1,0.76190476,1
5,110.0000,0,7,8,2,4,7,60,40,2126466,2,40,100,0,0.20909091,1
5,295.0000,0,11,8,1,4,9,40,45,2126474,2,45,85,0,0.41355932,1
5,19.0000,0,2,10,3,2,12,40,40,2126482,2,40,80,1,0.84210526,1
7,259.0000,0,0,8,8,4,8,40,32,2126490,2,32,72,1,0.95366795,1
6,170.0000,0,9,8,1,2,10,40,0,2126508,2,0,40,1,0.74117647,1
4,139.0000,0,8,7,1,3,6,40,40,2126532,2,40,80,0,0.26618705,1
4,52.0000,0,0,6,1,2,3,0,40,2126565,2,40,40,1,0.71153846,1
6,78.0000,2,2,10,2,4,7,40,20,2126581,2,20,60,0,0.46153846,1
6,365.0000,0,33,9,1,4,5,50,0,2126706,2,0,50,1,0.96164384,1
1,140.0000,0,10,6,1,3,4,45,45,2126722,2,45,90,1,0.58571429,2
6,158.0000,0,8,9,1,3,10,40,40,2126755,2,40,80,1,0.81645570,1
6,125.0000,0,0,5,1,1,7,30,0,2126771,2,0,30,0,0.09600000,1
4,31.0000,0,2,8,1,2,7,40,40,2126789,2,40,80,1,0.54838710,1
6,38.0000,0,0,11,2,2,14,40,60,2126847,2,60,100,1,0.71052632,1
6,38.0000,0,0,7,0,2,7,50,0,2126888,2,0,50,1,0.89473684,1
6,162.0000,0,29,7,0,3,8,0,0,2126912,2,0,0,1,0.93209877,1
8,59.0000,0,5,10,2,3,5,50,28,2126946,2,28,78,1,0.57627119,1
7,100.0000,0,1,7,1,2,13,40,15,2127019,2,15,55,1,0.90000000,1
1,92.0000,0,0,2,0,1,3,40,0,2127027,2,0,40,1,0.85869565,2
4,51.0000,0,8,8,2,3,6,60,40,2127035,2,40,100,1,0.50980392,1
6,141.0000,0,1,10,1,4,11,40,40,2127050,2,40,80,0,0.14893617,1
7,204.0000,0,11,9,3,2,8,40,40,2127068,2,40,80,1,0.58823529,1
6,141.0000,7,14,9,0,4,5,0,40,2127076,2,40,40,1,0.93617021,1
4,75.0000,3,14,6,0,2,6,40,40,2127100,2,40,80,1,0.50666667,2
4,111.0000,0,1,10,1,4,6,40,40,2127167,2,40,80,1,0.51351351,1
5,187.0000,0,10,7,1,2,4,0,29,2127175,2,29,29,1,0.72727273,1
6,109.0000,0,1,9,3,4,7,40,18,2127217,2,18,58,1,0.92660550,1
6,91.0000,0,8,8,0,1,2,0,0,2127290,2,0,0,1,0.69230769,1
5,108.0000,0,52,10,3,3,6,40,40,2127308,2,40,80,0,0.41666667,1
6,19.0000,0,0,10,1,4,8,40,40,2127407,2,40,80,1,0.84210526,1
3,98.0000,6,6,5,1,3,3,0,0,2127456,2,0,0,1,0.58163265,1
6,36.0000,2,0,9,0,4,7,37,30,2127498,2,30,67,1,0.75000000,1
5,78.0000,0,7,10,2,2,7,20,28,2127548,2,28,48,1,0.61538462,1
7,91.0000,0,5,9,2,4,14,50,0,2127571,2,0,50,1,0.97802198,1
4,79.0000,2,0,7,3,2,2,0,0,2127597,2,0,0,1,0.96202532,1
6,452.0000,0,3,7,1,2,4,0,40,2127605,2,40,40,1,0.69690265,1
7,70.0000,0,0,10,5,2,14,40,0,2127621,2,0,40,1,0.94285714,1
5,7.0000,0,0,7,0,1,6,0,40,2127753,2,40,40,1,0.85714286,1
5,65.0000,0,3,9,0,4,11,40,0,2127761,2,0,40,1,0.67692308,1
8,133.0000,0,4,9,1,3,14,50,0,2127803,2,0,50,1,0.62406015,1
5,84.0000,0,6,10,1,5,7,42,0,2127928,2,0,42,1,0.75000000,1
4,115.0000,0,0,7,1,1,2,0,32,2127936,2,32,32,1,0.70434783,1
5,42.0000,0,3,10,0,2,8,40,40,2128025,2,40,80,1,0.57142857,1
6,50.0000,0,1,4,0,2,4,0,15,2128066,2,15,15,1,0.64000000,1
6,64.0000,3,1,6,0,2,3,0,0,2128074,2,0,0,1,0.78125000,1
3,59.0000,0,1,7,1,2,8,44,40,2128082,2,40,84,1,0.66101695,1
7,18.0000,0,0,9,2,2,13,55,40,2128116,2,40,95,0,0.50000000,1
6,227.0000,0,13,6,0,2,4,0,0,2128140,2,0,0,1,0.70044053,1
2,27.0000,1,0,7,3,2,2,0,40,2128215,2,40,40,1,0.81481481,1
1,26.0000,0,1,5,3,3,4,40,40,2128231,2,40,80,1,0.65384615,2
4,40.0000,0,2,5,0,1,6,0,50,2128280,2,50,50,1,0.77500000,1
5,51.0000,0,6,7,0,2,6,0,0,2128330,2,0,0,1,0.84313725,1
0,10.0000,0,0,1,0,1,1,0,0,2128348,2,0,0,1,1.00000000,1
7,91.0000,0,0,10,3,2,6,40,0,2128389,2,0,40,1,0.89010989,1
5,108.0000,0,2,7,1,5,5,40,0,2128397,2,0,40,0,0.21296296,1
4,44.0000,0,0,6,3,2,4,40,0,2128421,2,0,40,1,0.63636364,2
6,101.0000,0,16,10,1,5,10,40,45,2128447,2,45,85,1,0.80198020,1
4,223.0000,0,6,7,1,2,4,30,40,2128454,2,40,70,1,0.73094170,2
4,70.0000,2,6,7,0,2,3,0,0,2128546,2,0,0,1,0.78571429,1
2,36.0000,0,9,9,0,1,8,0,40,2128553,2,40,40,0,0.50000000,2
6,113.0000,0,3,9,0,2,9,50,15,2128561,2,15,65,0,0.48672566,1
7,71.0000,0,13,9,2,3,6,0,36,2128595,2,36,36,1,0.73239437,1
4,42.0000,0,1,8,1,2,6,70,30,2128629,2,30,100,1,0.66666667,1
3,62.0000,1,5,5,0,2,2,0,0,2128769,2,0,0,1,0.74193548,2
2,17.0000,0,0,9,1,2,6,40,40,2128827,2,40,80,0,0.41176471,2
6,111.0000,0,0,11,2,4,9,35,30,2128850,2,30,65,1,0.61261261,2
6,103.0000,0,31,7,3,4,7,40,40,2128884,2,40,80,1,0.64077670,1
5,133.0000,0,9,10,0,4,9,60,40,2128900,2,40,100,0,0.44360902,1
5,122.0000,0,1,11,0,2,6,0,0,2128959,2,0,0,1,0.74590164,1
4,218.0000,0,13,7,1,2,8,40,0,2129031,2,0,40,1,0.51834862,1
5,317.0000,0,15,8,1,4,9,40,0,2129064,2,0,40,1,0.71608833,1
6,145.0000,0,7,9,1,2,8,45,40,2129080,2,40,85,1,0.86206897,1
4,140.0000,0,0,6,0,3,4,30,40,2129098,2,40,70,1,0.62142857,2
4,61.0000,0,0,9,1,1,4,0,40,2129163,2,40,40,0,0.32786885,2
4,137.0000,0,1,9,0,2,5,40,40,2129197,2,40,80,0,0.34306569,1
7,186.0000,0,0,7,1,5,6,55,40,2129239,2,40,95,0,0.35483871,1
7,13.0000,0,0,8,0,2,9,40,40,2129296,2,40,80,1,1.00000000,1
6,146.0000,4,3,10,1,2,8,40,40,2129361,2,40,80,1,0.63698630,1
7,265.0000,2,68,9,2,3,10,45,2,2129379,2,2,47,0,0.38867925,1
3,58.0000,0,2,5,0,2,5,20,20,2129395,2,20,40,1,0.84482759,1
5,96.0000,0,1,9,0,2,6,40,40,2129429,2,40,80,0,0.19791667,1
5,62.0000,0,0,8,0,2,3,0,42,2129445,2,42,42,0,0.46774194,1
7,147.0000,0,14,8,0,3,7,0,50,2129494,2,50,50,0,0.49659864,1
4,261.0000,3,5,6,0,2,8,0,0,2129528,2,0,0,1,0.67049808,1
6,164.0000,0,3,9,1,3,10,45,0,2129544,2,0,45,1,0.69512195,1
5,46.0000,0,1,3,0,1,3,0,0,2129551,2,0,0,1,0.80434783,1
6,73.0000,0,3,9,1,2,9,0,18,2129643,2,18,18,1,0.75342466,1
3,22.0000,0,0,5,1,2,5,70,10,2129700,2,10,80,1,0.72727273,2
2,16.0000,0,1,7,2,2,5,50,40,2129726,2,40,90,1,0.87500000,3
1,36.0000,0,6,6,0,1,3,0,0,2129734,2,0,0,1,0.80555556,2
3,480.0000,2,18,6,3,2,5,45,10,2129767,2,10,55,1,0.55208333,1
4,21.0000,0,4,8,1,1,4,0,0,2129817,2,0,0,1,0.85714286,1
6,164.0000,2,23,9,6,4,5,40,20,2129833,2,20,60,1,0.95731707,1
5,24.0000,0,1,6,0,2,4,21,0,2129874,2,0,21,1,0.62500000,1
5,128.0000,0,7,7,2,2,9,40,40,2129940,2,40,80,1,0.54687500,1
6,115.0000,0,4,6,0,2,11,35,40,2129973,2,40,75,1,0.67826087,1
3,116.0000,2,1,5,0,1,2,0,0,2130039,2,0,0,1,1.00000000,2
2,145.0000,0,3,1,1,1,1,0,0,2130070,2,0,0,1,0.71724138,1
5,98.0000,0,6,6,0,2,7,0,0,2130161,2,0,0,1,0.87755102,1
6,232.0000,1,0,7,1,3,5,40,0,2130229,2,0,40,0,0.16810345,1
5,13.0000,0,6,6,1,1,4,0,40,2130237,2,40,40,0,0.30769231,1
4,59.0000,0,0,7,4,2,2,0,0,2130260,2,0,0,1,0.61016949,1
5,106.0000,0,2,9,1,4,5,63,32,2130278,2,32,95,0,0.15094340,1
5,103.0000,0,0,9,1,3,8,40,40,2130310,2,40,80,1,0.73786408,1
5,154.0000,3,4,9,1,2,3,40,0,2130344,2,0,40,1,0.95454545,1
5,74.0000,0,0,6,0,2,6,0,40,2130351,2,40,40,1,0.62162162,2
5,42.0000,0,9,7,1,5,9,40,40,2130377,2,40,80,1,0.59523810,2
4,46.0000,0,0,5,0,1,2,40,0,2130385,2,0,40,1,0.63043478,2
7,114.0000,0,0,4,0,4,6,42,10,2130419,2,10,52,1,0.92105263,1
3,12.0000,0,0,7,0,1,3,0,40,2130526,2,40,40,1,0.58333333,1
5,239.0000,0,9,8,1,3,5,40,40,2130583,2,40,80,0,0.06694561,1
6,196.0000,0,1,7,0,2,11,42,50,2130591,2,50,92,1,0.51020408,1
5,139.0000,0,2,11,0,4,11,60,40,2130641,2,40,100,1,0.65467626,1
6,98.0000,0,1,10,1,3,12,50,50,2130674,2,50,100,0,0.47959184,1
2,57.0000,0,6,7,2,3,5,0,40,2130807,2,40,40,1,0.92982456,2
4,42.0000,0,0,10,2,2,9,50,0,2130849,2,0,50,0,0.45238095,1
7,26.0000,0,3,11,1,2,14,60,70,2130856,2,70,130,1,0.53846154,1
5,101.0000,0,9,7,1,3,5,40,16,2130914,2,16,56,1,0.51485149,2
3,179.0000,0,0,8,1,1,4,0,50,2130948,2,50,50,1,0.70391061,2
7,181.0000,0,0,10,1,3,11,50,43,2131136,2,43,93,1,0.71823204,1
7,208.0000,0,4,11,4,3,11,40,60,2131144,2,60,100,1,0.72596154,1
5,45.0000,0,2,7,0,2,5,24,0,2131201,2,0,24,1,0.60000000,1
3,80.0000,0,0,8,2,2,5,45,40,2131250,2,40,85,1,0.71250000,1
4,158.0000,0,1,6,0,2,5,0,0,2131318,2,0,0,1,0.79746835,1
4,68.0000,0,9,8,2,3,7,60,40,2131326,2,40,100,1,0.52941176,1
5,119.0000,0,8,7,2,2,11,40,0,2131383,2,0,40,1,0.75630252,1
6,98.0000,0,7,7,0,4,4,40,0,2131391,2,0,40,1,0.63265306,1
1,106.0000,0,2,7,0,2,3,45,40,2131466,2,40,85,0,0.47169811,1
6,37.0000,0,9,8,0,2,9,0,0,2131508,2,0,0,1,0.70270270,1
5,94.0000,4,5,9,1,1,5,0,40,2131516,2,40,40,0,0.12765957,2
6,45.0000,0,1,6,0,2,5,40,0,2131557,2,0,40,1,0.77777778,1
4,40.0000,0,3,6,0,1,5,0,40,2131631,2,40,40,1,0.62500000,1
4,54.0000,0,0,5,0,1,4,0,0,2131664,2,0,0,1,0.59259259,1
3,265.0000,0,8,6,3,3,5,40,24,2131730,2,24,64,1,0.81132075,1
5,149.0000,0,0,7,1,4,7,55,40,2131748,2,40,95,0,0.42953020,1
4,29.0000,0,0,8,1,2,8,40,45,2131789,2,45,85,1,0.68965517,1
4,146.0000,0,7,4,1,2,5,40,40,2131813,2,40,80,0,0.29452055,1
4,64.0000,0,0,9,2,2,5,0,37,2131821,2,37,37,1,0.78125000,1
3,91.0000,0,0,7,4,3,7,40,40,2131862,2,40,80,1,0.81318681,2
2,20.0000,0,0,4,2,1,4,0,45,2131870,2,45,45,1,0.60000000,2
5,129.0000,0,0,7,1,2,4,40,40,2131896,2,40,80,0,0.41860465,2
1,6.0000,0,0,6,1,2,2,40,0,2131912,2,0,40,1,0.83333333,2
8,71.0000,0,0,10,0,2,10,50,40,2131938,2,40,90,1,0.81690141,1
5,52.0000,0,19,7,0,2,6,40,0,2131979,2,0,40,1,0.82692308,1
5,162.0000,0,0,8,0,4,3,65,40,2131995,2,40,105,1,0.60493827,3
7,274.0000,0,16,11,0,4,9,40,20,2132019,2,20,60,1,0.68248175,1
6,66.0000,0,3,7,3,4,6,40,30,2132043,2,30,70,0,0.42424242,1
4,132.0000,0,3,8,1,2,4,40,20,2132068,2,20,60,1,0.75757576,1
4,21.0000,0,0,7,1,1,4,0,0,2132225,2,0,0,1,0.90476190,1
1,124.0000,0,2,8,0,1,4,0,45,2132241,2,45,45,1,0.81451613,2
5,30.0000,0,5,10,2,2,14,50,3,2132290,2,3,53,1,0.83333333,1
5,101.0000,0,4,10,2,3,9,50,35,2132316,2,35,85,1,0.55445545,1
5,37.0000,0,0,8,2,3,3,0,20,2132340,2,20,20,1,0.81081081,1
5,40.0000,0,1,7,1,2,6,40,20,2132365,2,20,60,0,0.50000000,1
5,74.0000,2,5,8,2,1,3,0,37,2132472,2,37,37,1,0.55405405,1
6,158.0000,0,14,8,3,2,9,46,42,2132506,2,42,88,1,0.60759494,1
5,120.0000,0,20,10,2,3,6,50,45,2132555,2,45,95,0,0.27500000,1
2,11.0000,0,3,8,0,1,1,0,20,2132639,2,20,20,1,0.54545455,2
6,24.0000,2,0,7,0,1,3,0,8,2132738,2,8,8,1,1.00000000,1
6,28.0000,0,0,9,1,2,11,40,15,2132787,2,15,55,1,1.00000000,1
5,104.0000,0,1,8,1,2,6,0,47,2132795,2,47,47,0,0.18269231,1
5,8.0000,0,0,7,1,3,8,40,48,2132803,2,48,88,1,0.87500000,1
5,49.0000,0,0,9,1,2,14,30,0,2132845,2,0,30,1,0.89795918,1
4,52.0000,0,9,4,0,1,2,0,0,2132852,2,0,0,1,0.71153846,2
6,98.0000,0,5,11,1,5,9,40,15,2132928,2,15,55,1,0.90816327,1
1,25.0000,0,1,4,0,1,1,0,30,2132936,2,30,30,1,1.00000000,2
5,26.0000,0,2,9,1,1,8,50,0,2132985,2,0,50,1,0.84615385,2
6,70.0000,0,0,9,3,3,12,0,50,2133033,2,50,50,0,0.34285714,1
7,207.0000,0,16,5,0,2,6,0,10,2133058,2,10,10,1,0.83574879,1
4,190.0000,0,14,8,1,3,8,40,40,2133066,2,40,80,1,0.72105263,1
5,66.0000,0,0,8,1,3,3,50,20,2133108,2,20,70,0,0.36363636,1
6,239.0000,0,10,7,1,2,5,0,0,2133132,2,0,0,1,0.89121339,1
5,62.0000,0,3,9,3,3,9,50,33,2133173,2,33,83,1,0.95161290,1
7,224.0000,0,6,10,2,3,8,48,40,2133231,2,40,88,1,0.79017857,1
4,127.0000,0,9,9,0,3,12,40,45,2133272,2,45,85,0,0.33858268,1
4,7.0000,0,0,8,3,4,8,40,40,2133298,2,40,80,1,0.85714286,1
5,155.0000,0,0,9,0,4,8,40,0,2133330,2,0,40,1,0.85161290,1
4,57.0000,0,23,7,2,4,5,25,0,2133413,2,0,25,1,0.85964912,2
5,78.0000,0,2,9,1,4,9,70,40,2133447,2,40,110,1,0.67948718,1
6,217.0000,0,2,11,0,4,10,50,0,2133496,2,0,50,1,0.74654378,1
5,72.0000,0,15,8,3,2,8,60,55,2133504,2,55,115,1,0.70833333,1
4,12.0000,0,0,6,0,1,5,0,40,2133546,2,40,40,1,0.66666667,1
4,61.0000,0,4,10,7,3,7,0,90,2133579,2,90,90,1,0.62295082,2
7,222.0000,0,0,7,0,4,6,40,0,2133611,2,0,40,0,0.06306306,1
3,51.0000,2,0,8,0,2,2,0,0,2133645,2,0,0,1,0.60784314,2
5,45.0000,0,0,9,0,1,5,0,0,2133660,2,0,0,1,0.93333333,1
3,102.0000,2,3,5,0,3,5,45,40,2133983,2,40,85,1,0.85294118,2
8,42.0000,0,0,9,0,2,7,50,40,2134015,2,40,90,1,0.69047619,1
4,138.0000,0,1,5,0,2,7,40,48,2134023,2,48,88,1,0.75362319,1
6,189.0000,0,2,10,1,3,5,0,50,2134122,2,50,50,1,0.78835979,1
4,77.0000,0,3,9,0,3,5,45,0,2134130,2,0,45,1,0.71428571,1
4,97.0000,0,2,9,2,4,7,40,40,2134213,2,40,80,1,0.64948454,1
7,178.0000,0,15,9,1,2,11,0,8,2134254,2,8,8,1,0.89325843,1
2,47.0000,0,0,6,0,1,1,0,40,2134262,2,40,40,0,0.40425532,2
6,360.0000,0,24,9,1,5,5,50,20,2134288,2,20,70,1,0.77222222,1
6,81.0000,0,0,4,1,4,8,40,0,2134452,2,0,40,1,0.51851852,1
5,105.0000,0,15,10,1,2,7,60,60,2134478,2,60,120,0,0.49523810,1
5,72.0000,0,0,9,0,2,11,40,40,2134510,2,40,80,1,0.86111111,1
6,174.0000,0,3,9,0,2,8,40,0,2134577,2,0,40,1,0.66666667,1
4,61.0000,0,24,7,3,2,5,0,40,2134643,2,40,40,1,0.60655738,1
5,31.0000,0,6,8,1,3,5,0,40,2134676,2,40,40,0,0.45161290,1
6,10.0000,0,0,7,0,1,3,0,30,2134742,2,30,30,1,0.70000000,1
6,108.0000,0,1,8,5,1,4,0,0,2134767,2,0,0,1,0.88888889,1
5,68.0000,0,1,9,0,4,11,45,0,2134874,2,0,45,1,0.75000000,1
4,105.0000,0,4,7,1,2,4,0,35,2135186,2,35,35,1,0.60952381,1
5,55.0000,0,5,10,1,2,4,40,40,2135244,2,40,80,0,0.27272727,1
5,118.0000,0,0,7,3,6,5,40,50,2135251,2,50,90,1,0.61864407,1
6,146.0000,0,0,8,1,2,7,0,30,2135277,2,30,30,1,0.73287671,1
4,29.0000,0,1,10,2,2,6,0,45,2135301,2,45,45,1,0.58620690,1
2,11.0000,0,0,3,1,4,2,0,0,2135343,2,0,0,1,0.81818182,2
5,45.0000,0,15,10,1,2,7,40,20,2135384,2,20,60,1,0.71111111,1
5,62.0000,0,0,9,0,4,13,40,40,2135392,2,40,80,1,0.61290323,1
5,37.0000,0,10,10,0,2,9,40,45,2135434,2,45,85,0,0.24324324,1
1,20.0000,0,0,5,9,1,2,0,40,2135442,2,40,40,1,0.95000000,1
3,56.0000,0,4,9,1,2,9,40,40,2135475,2,40,80,0,0.28571429,1
3,133.0000,0,1,7,1,2,3,0,0,2135517,2,0,0,1,0.84962406,2
3,40.0000,0,0,7,0,1,4,0,40,2135608,2,40,40,0,0.37500000,2
5,225.0000,0,1,6,2,3,5,50,45,2135640,2,45,95,1,0.64444444,2
5,46.0000,0,1,11,2,4,10,40,40,2135681,2,40,80,1,0.65217391,1
6,95.0000,0,0,9,1,2,11,50,24,2135749,2,24,74,1,0.61052632,1
5,42.0000,0,0,7,1,2,6,40,40,2135756,2,40,80,1,0.83333333,1
4,21.0000,0,7,7,0,2,4,0,40,2135772,2,40,40,1,0.52380952,1
5,55.0000,0,0,9,2,2,13,40,40,2135848,2,40,80,0,0.18181818,1
4,17.0000,0,0,8,0,1,3,0,40,2135889,2,40,40,1,0.70588235,2
1,15.0000,0,1,8,0,1,3,0,27,2135970,2,27,27,1,1.00000000,2
2,123.0000,2,5,5,0,1,4,40,0,2135996,2,0,40,1,0.64227642,2
3,188.0000,0,0,7,0,6,1,0,30,2136069,2,30,30,1,0.56382979,3
4,56.0000,0,3,7,2,2,8,40,40,2136077,2,40,80,0,0.33928571,1
3,29.0000,10,0,1,3,1,1,0,0,2136093,2,0,0,1,0.96551724,1
6,22.0000,0,0,7,0,2,4,0,35,2136143,2,35,35,0,0.40909091,1
7,300.0000,0,1,9,0,2,8,40,36,2136150,2,36,76,1,0.83333333,1
5,68.0000,0,0,8,0,2,6,0,0,2136176,2,0,0,1,0.70588235,1
5,135.0000,0,1,8,0,2,7,60,45,2136242,2,45,105,0,0.45925926,2
3,46.0000,4,0,3,0,2,5,40,0,2136283,2,0,40,1,0.89130435,1
3,159.0000,0,10,8,4,3,5,0,40,2136325,2,40,40,1,0.71069182,1
7,43.0000,0,1,9,1,4,6,60,40,2136341,2,40,100,1,0.53488372,1
3,285.0000,0,5,4,1,4,5,36,40,2136531,2,40,76,1,0.63859649,1
4,89.0000,0,5,11,2,2,7,45,40,2136549,2,40,85,1,0.60674157,1
7,111.0000,0,21,8,0,2,4,0,40,2136572,2,40,40,1,0.51351351,1
4,268.0000,0,28,10,0,4,5,55,45,2136598,2,45,100,1,0.54104478,1
6,182.0000,0,33,8,1,4,7,40,20,2136606,2,20,60,1,0.89560440,1
5,74.0000,0,31,5,0,2,14,0,0,2136622,2,0,0,1,0.85135135,1
5,120.0000,0,0,9,1,6,10,45,40,2136697,2,40,85,1,0.54166667,1
3,15.0000,0,7,8,0,1,6,0,40,2136705,2,40,40,0,0.26666667,2
3,28.0000,0,0,7,0,1,4,0,40,2136739,2,40,40,1,0.64285714,1
4,52.0000,0,8,6,0,2,5,40,40,2136770,2,40,80,1,0.55769231,2
4,63.0000,1,3,6,2,2,3,0,0,2136796,2,0,0,1,0.85714286,1
4,215.0000,0,0,4,0,2,2,0,45,2136804,2,45,45,1,0.83255814,2
5,135.0000,0,5,9,4,4,8,40,45,2136812,2,45,85,1,0.57037037,1
4,34.0000,0,0,5,0,2,3,0,40,2136820,2,40,40,1,0.88235294,2
6,33.0000,0,0,6,0,4,5,40,30,2136937,2,30,70,1,0.78787879,1
7,149.0000,2,2,4,2,4,7,40,0,2136960,2,0,40,1,0.73825503,1
6,69.0000,0,1,8,1,3,4,54,0,2136978,2,0,54,0,0.31884058,1
6,8.0000,0,1,8,0,2,7,15,40,2137059,2,40,55,1,1.00000000,1
4,157.0000,0,0,6,0,1,4,0,36,2137067,2,36,36,1,0.70063694,2
7,245.0000,0,10,7,1,1,4,0,0,2137216,2,0,0,1,0.87755102,1
6,35.0000,0,3,5,0,2,4,0,0,2137281,2,0,0,1,0.80000000,1
7,113.0000,0,0,9,0,5,9,46,0,2137299,2,0,46,1,0.75221239,1
4,16.0000,0,0,8,1,2,9,40,50,2137331,2,50,90,0,0.31250000,1
4,46.0000,0,1,8,1,3,5,0,40,2137349,2,40,40,0,0.23913043,1
2,61.0000,0,30,6,0,1,2,0,40,2137380,2,40,40,1,1.00000000,2
7,269.0000,0,13,11,1,3,12,55,0,2137513,2,0,55,1,0.74349442,1
8,351.0000,4,16,8,2,4,11,40,40,2137539,2,40,80,1,0.91168091,1
7,30.0000,0,0,9,2,2,8,0,0,2137596,2,0,0,0,0.46666667,1
4,140.0000,1,4,10,0,3,9,45,35,2137604,2,35,80,1,0.90714286,1
5,89.0000,0,0,8,2,2,7,50,40,2137687,2,40,90,1,0.84269663,1
5,44.0000,0,7,7,0,2,5,0,0,2137703,2,0,0,1,0.72727273,1
4,143.0000,0,15,6,1,3,7,40,40,2137745,2,40,80,0,0.23076923,1
5,212.0000,0,35,7,1,2,5,0,40,2137760,2,40,40,1,0.59905660,2
4,52.0000,0,3,8,1,3,9,40,40,2137885,2,40,80,1,0.67307692,1
5,177.0000,0,0,8,2,3,12,50,20,2137935,2,20,70,1,0.84180791,1
3,84.0000,0,0,8,2,2,3,43,0,2138024,2,0,43,0,0.44047619,1
4,71.0000,3,0,7,0,1,2,0,0,2138065,2,0,0,1,0.59154930,1
5,108.0000,0,7,7,2,2,8,50,80,2138115,2,80,130,0,0.50000000,2
5,147.0000,4,0,4,1,1,3,0,0,2138149,2,0,0,1,0.76190476,1
1,7.0000,0,0,5,0,1,3,0,25,2138198,2,25,25,1,0.71428571,2
5,22.0000,0,0,10,1,1,3,0,24,2138206,2,24,24,1,0.68181818,1
1,31.0000,0,0,5,3,2,3,0,0,2138214,2,0,0,1,0.83870968,1
3,10.0000,0,3,6,0,1,6,0,40,2138396,2,40,40,1,0.60000000,1
6,215.0000,1,0,8,3,2,3,40,40,2138446,2,40,80,1,0.62325581,1
7,41.0000,0,7,9,1,3,9,40,40,2138487,2,40,80,1,0.56097561,1
3,26.0000,0,1,8,0,2,5,0,0,2138578,2,0,0,1,0.53846154,1
5,6.0000,0,0,10,0,4,5,70,0,2138644,2,0,70,0,0.33333333,1
4,91.0000,0,2,7,0,2,7,8,0,2138685,2,0,8,1,0.79120879,1
5,76.0000,0,0,9,2,5,11,40,40,2138743,2,40,80,0,0.50000000,1
5,123.0000,0,1,10,2,2,12,40,40,2138776,2,40,80,0,0.08943089,1
7,48.0000,0,4,9,1,3,11,40,40,2138792,2,40,80,1,0.66666667,1
4,97.0000,2,11,8,3,2,4,40,0,2138800,2,0,40,1,0.69072165,1
1,185.0000,0,0,3,0,1,1,0,0,2138842,2,0,0,0,0.38378378,2
3,40.0000,0,8,8,0,1,3,0,43,2138966,2,43,43,1,0.55000000,1
4,37.0000,0,2,10,0,2,6,0,40,2139022,2,40,40,1,0.91891892,2
4,61.0000,0,0,3,0,1,8,40,0,2139113,2,0,40,0,0.36065574,1
5,67.0000,0,7,8,0,2,9,50,0,2139121,2,0,50,1,0.67164179,1
5,54.0000,0,2,7,1,2,4,0,0,2139139,2,0,0,1,0.55555556,2
3,136.0000,0,14,4,1,4,6,15,35,2139162,2,35,50,1,0.70588235,1
3,77.0000,3,12,6,0,1,6,0,40,2139220,2,40,40,1,0.76623377,2
5,62.0000,0,5,6,2,4,11,50,0,2139287,2,0,50,1,0.80645161,1
4,46.0000,0,18,8,0,2,4,35,35,2139345,2,35,70,1,0.86956522,1
5,44.0000,0,0,5,2,2,5,0,0,2139436,2,0,0,1,0.97727273,1
5,85.0000,3,13,6,0,2,7,0,0,2139477,2,0,0,1,0.89411765,1
4,66.0000,0,5,8,2,6,4,60,30,2139535,2,30,90,1,0.66666667,1
6,167.0000,0,0,7,1,3,7,38,25,2139543,2,25,63,1,0.73053892,1
7,82.0000,0,3,9,1,3,11,45,40,2139626,2,40,85,1,0.74390244,1
1,79.0000,0,3,3,0,1,2,0,20,2139717,2,20,20,1,0.68354430,2
5,129.0000,4,30,5,0,2,5,0,20,2139766,2,20,20,1,0.90697674,1
6,235.0000,0,19,4,0,3,7,60,20,2139774,2,20,80,0,0.07659574,1
5,150.0000,0,10,8,1,5,6,45,0,2139840,2,0,45,1,0.90666667,1
3,53.0000,2,0,3,1,1,3,0,0,2139865,2,0,0,1,0.94339623,1
6,28.0000,0,3,6,0,1,2,0,0,2139907,2,0,0,1,0.57142857,1
2,55.0000,0,17,4,0,1,2,0,0,2139964,2,0,0,1,0.72727273,2
5,80.0000,2,11,8,0,2,5,0,0,2140004,2,0,0,0,0.38750000,1
5,76.0000,0,5,7,0,3,12,45,45,2140038,2,45,90,1,0.56578947,1
3,201.0000,0,2,6,0,4,4,42,0,2140046,2,0,42,0,0.09950249,1
5,54.0000,0,13,7,1,4,7,48,0,2140095,2,0,48,1,0.79629630,1
4,228.0000,0,0,8,1,7,3,78,0,2140103,2,0,78,1,0.77192982,2
5,167.0000,0,0,10,3,2,11,40,50,2140194,2,50,90,1,0.62874251,1
4,19.0000,0,3,5,0,1,4,0,0,2140236,2,0,0,1,0.94736842,1
5,74.0000,0,3,7,0,3,7,48,34,2140277,2,34,82,1,0.82432432,1
3,15.0000,0,1,8,1,1,2,0,34,2140467,2,34,34,1,0.60000000,1
6,140.0000,0,5,7,2,4,4,35,25,2140483,2,25,60,1,0.67857143,1
7,64.0000,0,0,11,1,2,13,45,0,2140558,2,0,45,1,0.51562500,1
2,54.0000,0,1,4,0,1,1,0,0,2140566,2,0,0,1,1.00000000,1
5,53.0000,0,1,6,0,2,11,40,40,2140798,2,40,80,1,0.88679245,1
1,18.0000,0,0,3,0,1,3,0,0,2140830,2,0,0,1,0.72222222,2
4,96.0000,0,2,4,1,2,6,40,0,2140905,2,0,40,0,0.13541667,1
5,147.0000,0,0,9,3,2,8,50,37,2140988,2,37,87,1,1.00000000,1
6,95.0000,0,7,8,2,4,10,40,40,2141002,2,40,80,0,0.46315789,1
5,73.0000,0,7,8,2,4,6,40,40,2141044,2,40,80,1,0.68493151,1
6,132.0000,0,0,11,1,2,14,40,0,2141077,2,0,40,1,0.54545455,1
4,15.0000,0,0,9,0,2,6,38,30,2141085,2,30,68,1,0.66666667,1
6,65.0000,0,2,10,0,2,9,40,40,2141200,2,40,80,0,0.13846154,1
6,70.0000,0,2,8,1,2,6,0,40,2141283,2,40,40,1,0.97142857,1
6,71.0000,2,8,9,2,2,13,50,40,2141317,2,40,90,1,0.78873239,1
4,55.0000,0,3,8,0,1,2,0,0,2141325,2,0,0,1,0.87272727,2
4,31.0000,0,0,6,1,2,2,0,0,2141341,2,0,0,1,0.77419355,1
5,94.0000,0,0,9,0,2,6,50,38,2141424,2,38,88,0,0.32978723,2
1,57.0000,0,27,1,0,1,4,41,0,2141440,2,0,41,1,0.63157895,2
5,435.0000,2,69,11,1,3,5,40,40,2141457,2,40,80,0,0.11494253,1
3,52.0000,0,26,5,3,2,8,40,40,2141473,2,40,80,1,0.59615385,2
2,14.0000,0,1,6,0,1,3,0,40,2141507,2,40,40,1,0.57142857,2
5,76.0000,0,0,7,1,2,4,0,40,2141523,2,40,40,1,0.60526316,1
6,127.0000,2,1,8,0,6,6,60,25,2141549,2,25,85,1,0.85039370,1
3,117.0000,0,13,3,0,1,2,0,0,2141614,2,0,0,1,0.82051282,3
4,39.0000,0,14,4,1,1,14,0,0,2141622,2,0,0,1,0.87179487,1
3,30.0000,0,1,6,0,1,1,0,0,2141630,2,0,0,1,0.63333333,1
4,10.0000,2,0,7,0,1,3,0,0,2141721,2,0,0,1,0.80000000,2
5,30.0000,1,0,2,0,1,1,0,0,2141812,2,0,0,0,0.46666667,1
3,66.0000,0,0,2,1,1,2,0,0,2141846,2,0,0,1,1.00000000,1
5,132.0000,0,10,7,0,3,10,40,0,2141861,2,0,40,1,0.93181818,1
5,81.0000,4,5,8,1,2,11,0,40,2141879,2,40,40,1,0.67901235,1
6,50.0000,0,2,9,0,2,5,0,0,2141960,2,0,0,1,0.86000000,1
4,68.0000,0,3,5,0,2,10,45,50,2141978,2,50,95,1,0.51470588,1
1,28.0000,0,3,4,0,1,2,0,40,2142000,2,40,40,1,0.85714286,2
6,28.0000,0,0,8,5,2,5,0,40,2142018,2,40,40,1,0.57142857,1
4,84.0000,0,0,2,1,1,3,0,0,2142158,2,0,0,1,0.91666667,1
3,24.0000,0,0,2,0,1,1,0,0,2142240,2,0,0,1,1.00000000,1
5,69.0000,0,0,6,1,1,4,10,0,2142349,2,0,10,1,0.81159420,1
6,71.0000,0,2,9,0,6,7,40,0,2142414,2,0,40,0,0.11267606,1
4,66.0000,3,0,9,8,5,2,0,40,2142430,2,40,40,1,0.59090909,1
5,67.0000,0,1,6,1,2,6,40,0,2142513,2,0,40,1,0.55223881,1
2,49.0000,0,0,11,1,2,1,0,30,2142554,2,30,30,1,0.73469388,1
5,299.0000,0,11,5,0,2,3,0,0,2142604,2,0,0,1,0.95317726,3
4,43.0000,0,0,5,1,1,1,0,0,2142703,2,0,0,1,0.81395349,1
4,48.0000,0,0,4,0,1,3,0,0,2142752,2,0,0,1,0.62500000,1
5,5.0000,0,0,4,2,2,2,0,0,2142794,2,0,0,1,0.60000000,1
5,98.0000,0,9,9,1,2,4,0,0,2142885,2,0,0,1,0.85714286,1
7,110.0000,0,7,7,1,3,6,0,40,2142919,2,40,40,1,0.58181818,1
4,79.0000,0,16,6,0,1,2,0,0,2142943,2,0,0,1,0.63291139,1
3,151.0000,0,0,7,1,3,3,0,40,2142950,2,40,40,1,0.77483444,1
4,60.0000,0,2,10,0,4,7,40,6,2142976,2,6,46,0,0.50000000,1
5,10.0000,0,0,9,0,2,10,44,45,2142992,2,45,89,1,0.70000000,1
6,93.0000,0,0,7,4,5,6,40,40,2143040,2,40,80,1,0.63440860,1
7,149.0000,0,3,8,0,2,6,0,0,2143099,2,0,0,1,0.94630872,1
6,67.0000,1,12,8,0,5,10,40,24,2143180,2,24,64,1,0.92537313,2
5,4.0000,0,0,5,0,1,2,0,35,2143214,2,35,35,0,0.50000000,1
3,63.0000,0,0,5,1,1,2,0,40,2143230,2,40,40,0,0.25396825,1
5,78.0000,0,1,9,1,5,9,40,0,2143271,2,0,40,1,0.87179487,1
3,54.0000,3,2,6,0,1,6,0,0,2143305,2,0,0,1,0.77777778,1
5,33.0000,0,0,10,2,2,9,0,0,2143396,2,0,0,1,0.81818182,1
5,6.0000,0,0,6,1,1,4,0,55,2143438,2,55,55,0,0.33333333,1
6,91.0000,0,4,9,1,5,10,40,40,2143503,2,40,80,0,0.28571429,1
4,371.0000,1,2,8,2,4,5,40,15,2143537,2,15,55,1,0.53369272,1
7,241.0000,0,1,8,2,2,4,0,60,2143552,2,60,60,1,1.00000000,1
4,71.0000,0,2,7,1,2,4,40,20,2143586,2,20,60,0,0.42253521,1
5,92.0000,1,43,6,2,1,4,0,38,2143776,2,38,38,1,0.77173913,1
7,149.0000,0,6,9,1,3,6,45,38,2143875,2,38,83,0,0.45637584,1
4,73.0000,0,2,6,1,4,5,60,0,2144048,2,0,60,0,0.27397260,2
5,77.0000,0,26,10,3,2,9,40,0,2144105,2,0,40,1,0.80519481,1
5,34.0000,0,8,10,1,2,6,40,40,2144113,2,40,80,1,0.94117647,1
5,81.0000,0,0,8,0,2,7,0,40,2144162,2,40,40,1,0.69135802,1
5,64.0000,0,28,8,0,2,8,0,40,2144188,2,40,40,0,0.42187500,1
6,97.0000,0,4,6,0,2,5,40,20,2144246,2,20,60,1,0.62886598,1
3,48.0000,0,4,6,1,2,1,40,0,2144295,2,0,40,1,0.66666667,1
3,34.0000,0,2,7,0,2,3,0,0,2144329,2,0,0,1,0.76470588,1
4,29.0000,0,1,6,1,2,6,40,0,2144428,2,0,40,0,0.13793103,1
4,181.0000,0,4,9,0,5,7,40,40,2144436,2,40,80,1,0.50276243,1
5,89.0000,0,26,7,1,2,3,40,0,2144444,2,0,40,1,0.88764045,2
4,183.0000,2,0,7,0,2,6,0,0,2144451,2,0,0,1,0.93989071,1
4,99.0000,0,41,6,1,2,2,0,0,2144469,2,0,0,0,0.39393939,1
1,46.0000,0,0,5,2,2,4,40,40,2144493,2,40,80,1,0.56521739,2
4,42.0000,0,0,4,0,2,3,30,0,2144576,2,0,30,1,0.54761905,1
3,78.0000,0,9,9,1,4,10,35,35,2144584,2,35,70,1,0.84615385,1
4,19.0000,0,0,7,1,2,3,0,0,2144667,2,0,0,1,0.89473684,1
5,68.0000,0,6,9,1,3,8,50,0,2144675,2,0,50,1,0.85294118,1
4,157.0000,0,1,6,7,2,7,40,25,2144717,2,25,65,1,0.71974522,1
6,49.0000,3,14,8,3,2,14,50,45,2144733,2,45,95,1,0.85714286,1
4,39.0000,0,0,7,5,1,2,0,20,2144808,2,20,20,1,0.84615385,1
5,116.0000,0,6,7,0,2,7,0,0,2144824,2,0,0,1,0.76724138,1
7,54.0000,0,10,10,0,2,11,40,10,2144840,2,10,50,1,0.87037037,1
4,27.0000,3,1,7,0,2,2,0,0,2144881,2,0,0,1,0.77777778,1
5,8.0000,0,0,5,0,1,2,0,0,2144923,2,0,0,0,0.25000000,1
4,102.0000,0,7,8,0,4,6,40,0,2145029,2,0,40,1,0.72549020,1
5,18.0000,0,1,10,2,2,7,40,45,2145060,2,45,85,1,0.77777778,1
8,36.0000,0,0,6,0,2,2,30,15,2145078,2,15,45,1,0.86111111,1
7,253.0000,0,4,8,0,2,10,0,0,2145243,2,0,0,1,0.78260870,1
5,170.0000,0,29,10,7,4,6,40,20,2145292,2,20,60,1,0.58235294,1
4,129.0000,0,3,8,2,4,9,40,40,2145326,2,40,80,1,0.86821705,1
5,59.0000,0,17,8,2,2,3,0,40,2145409,2,40,40,1,0.62711864,1
3,22.0000,0,0,7,1,3,7,40,50,2145425,2,50,90,1,0.63636364,2
4,48.0000,3,12,4,1,2,3,0,0,2145490,2,0,0,1,0.97916667,1
2,19.0000,0,0,6,2,2,2,0,0,2145532,2,0,0,1,1.00000000,1
6,71.0000,0,2,8,1,3,2,0,19,2145599,2,19,19,1,0.70422535,1
4,108.0000,0,3,8,1,3,1,0,48,2145672,2,48,48,1,0.53703704,1
4,86.0000,0,8,9,2,4,6,40,40,2145698,2,40,80,1,0.68604651,1
6,124.0000,0,2,9,7,3,9,50,40,2145763,2,40,90,0,0.45161290,1
6,44.0000,0,1,6,0,2,5,12,0,2145771,2,0,12,1,0.88636364,1
3,72.0000,0,4,4,2,3,3,40,39,2145805,2,39,79,1,0.76388889,1
7,121.0000,0,6,8,0,4,5,40,0,2145854,2,0,40,1,0.89256198,1
6,73.0000,0,12,5,0,2,3,0,0,2145870,2,0,0,1,0.76712329,1
6,16.0000,0,0,4,0,1,2,0,0,2145979,2,0,0,1,0.87500000,1
5,311.0000,2,3,7,1,7,8,40,30,2146035,2,30,70,1,0.83922830,1
5,54.0000,0,19,8,1,2,3,0,0,2146050,2,0,0,1,0.79629630,1
5,92.0000,0,2,9,1,3,9,40,52,2146076,2,52,92,0,0.29347826,1
5,203.0000,0,3,8,1,2,5,0,0,2146092,2,0,0,1,0.87192118,1
6,115.0000,5,8,8,0,2,4,0,0,2146118,2,0,0,1,0.76521739,1
5,84.0000,0,7,10,1,3,6,40,0,2146142,2,0,40,1,0.88095238,1
4,156.0000,0,5,7,0,3,6,40,42,2146456,2,42,82,0,0.06410256,1
6,26.0000,0,0,7,0,2,4,40,0,2146472,2,0,40,1,0.88461538,1
5,65.0000,0,1,9,0,2,7,30,0,2146480,2,0,30,1,0.80000000,1
6,130.0000,0,6,7,0,4,7,40,40,2146597,2,40,80,0,0.09230769,1
6,48.0000,5,12,8,0,2,3,0,0,2146621,2,0,0,1,0.79166667,1
6,199.0000,0,19,9,1,4,4,45,20,2146662,2,20,65,1,0.64321608,1
4,187.0000,0,5,7,1,4,6,44,40,2146738,2,40,84,1,0.56684492,1
1,332.0000,0,5,4,4,2,7,40,0,2146894,2,0,40,1,0.95481928,1
3,80.0000,0,2,9,4,2,5,40,38,2146951,2,38,78,0,0.40000000,1
1,118.0000,0,1,5,2,4,3,40,40,2147215,2,40,80,1,0.50847458,2
5,120.0000,1,41,7,0,2,9,40,0,2147314,2,0,40,1,0.75000000,1
4,35.0000,2,4,9,0,1,1,0,0,2147371,2,0,0,1,0.80000000,1
3,59.0000,0,3,6,1,4,6,40,30,2147512,2,30,70,1,0.81355932,1
4,58.0000,1,6,9,1,2,5,40,0,2147538,2,0,40,1,0.87931034,1
4,92.0000,0,0,6,1,1,3,0,0,2147579,2,0,0,1,1.00000000,1
5,121.0000,0,0,9,0,2,6,0,0,2147603,2,0,0,1,0.78512397,1
5,280.0000,0,0,6,2,3,4,0,40,2147645,2,40,40,1,0.84285714,1
3,59.0000,0,4,7,1,2,3,35,18,2147751,2,18,53,1,0.84745763,2
4,48.0000,0,0,9,4,2,6,29,40,2147777,2,40,69,1,0.56250000,2
4,115.0000,2,16,6,0,3,5,0,0,2147785,2,0,0,1,0.68695652,1
4,210.0000,0,27,9,2,5,5,40,15,2147793,2,15,55,1,0.85714286,1
6,110.0000,0,0,10,1,2,6,30,40,2147835,2,40,70,1,0.72727273,1
3,106.0000,0,4,4,0,3,4,0,40,2147892,2,40,40,1,0.54716981,1
5,54.0000,2,2,6,0,2,5,0,0,2147942,2,0,0,1,0.57407407,1
6,148.0000,2,18,9,0,4,3,40,12,2147959,2,12,52,1,0.82432432,1
6,3.0000,0,0,6,1,1,3,0,0,2147975,2,0,0,1,1.00000000,1
6,27.0000,0,10,6,1,1,5,0,0,2147983,2,0,0,1,0.70370370,1
5,70.0000,0,0,8,1,4,8,40,40,2147991,2,40,80,1,0.51428571,1
5,64.0000,0,8,8,1,2,11,0,0,2148031,2,0,0,1,0.84375000,1
5,261.0000,2,68,6,2,3,5,0,48,2148064,2,48,48,1,0.66283525,1
5,66.0000,0,0,10,0,4,4,34,0,2148205,2,0,34,1,0.57575758,1
4,27.0000,3,0,7,0,1,3,0,0,2148296,2,0,0,1,0.81481481,1
5,78.0000,0,7,5,0,2,6,0,0,2148320,2,0,0,1,0.82051282,1
3,82.0000,2,0,5,1,3,1,0,0,2148353,2,0,0,1,0.73170732,1
5,140.0000,0,3,9,0,3,5,0,0,2148411,2,0,0,1,0.84285714,1
5,6.0000,0,0,6,2,1,2,0,0,2148452,2,0,0,1,0.83333333,1
2,103.0000,0,25,6,1,1,3,40,0,2148494,2,0,40,1,0.76699029,2
5,127.0000,0,11,10,1,2,7,40,0,2148627,2,0,40,1,0.60629921,1
5,98.0000,0,2,10,0,2,6,0,0,2148635,2,0,0,1,0.52040816,1
5,56.0000,0,2,9,2,4,5,0,40,2148726,2,40,40,1,0.80357143,1
3,238.0000,0,27,8,1,4,7,40,40,2148791,2,40,80,1,0.59243697,2
5,42.0000,0,2,9,3,1,5,0,40,2148882,2,40,40,1,0.66666667,1
7,166.0000,0,13,8,0,3,8,80,18,2148924,2,18,98,1,0.81927711,1
6,125.0000,0,4,10,0,3,8,0,0,2149039,2,0,0,1,0.62400000,1
7,349.0000,2,11,7,3,4,9,53,40,2149054,2,40,93,1,0.56446991,1
4,128.0000,0,4,8,0,4,6,48,44,2149062,2,44,92,1,0.65625000,1
5,216.0000,0,3,9,0,2,8,0,0,2149195,2,0,0,1,0.77777778,1
5,48.0000,0,2,8,2,2,6,60,40,2149468,2,40,100,1,0.68750000,2
3,107.0000,0,14,7,0,3,8,0,40,2149500,2,40,40,1,0.76635514,1
6,178.0000,0,28,7,2,3,2,0,0,2149518,2,0,0,1,0.83707865,1
2,33.0000,0,20,5,2,1,1,0,0,2149567,2,0,0,1,0.96969697,3
3,18.0000,0,2,6,3,4,3,40,0,2149583,2,0,40,1,0.83333333,2
6,57.0000,0,1,7,1,3,6,0,41,2149609,2,41,41,1,0.61403509,2
2,66.0000,8,9,9,3,2,4,0,40,2149674,2,40,40,1,0.93939394,2
5,73.0000,0,14,4,0,2,4,0,0,2149740,2,0,0,1,0.73972603,1
4,74.0000,0,33,4,0,1,6,0,0,2149823,2,0,0,1,0.82432432,1
5,94.0000,4,46,4,0,2,12,0,0,2149872,2,0,0,1,0.59574468,1
5,51.0000,0,17,9,0,3,7,40,0,2149989,2,0,40,1,0.86274510,1
5,139.0000,0,0,9,5,5,11,60,40,2150029,2,40,100,1,0.71223022,1
4,76.0000,0,6,6,1,1,8,0,0,2150078,2,0,0,1,0.93421053,1
4,331.0000,0,6,8,1,6,4,0,30,2150094,2,30,30,1,0.66767372,1
5,23.0000,0,4,3,0,3,3,0,0,2150136,2,0,0,1,1.00000000,1
4,91.0000,0,1,8,0,4,4,35,30,2150169,2,30,65,1,0.60439560,1
4,38.0000,0,2,10,4,1,5,0,40,2150201,2,40,40,0,0.36842105,1
5,275.0000,2,58,8,0,2,5,0,0,2150292,2,0,0,1,0.77454545,1
3,130.0000,0,5,7,2,2,11,33,0,2150425,2,0,33,1,0.66153846,1
3,113.0000,0,3,8,1,3,5,40,0,2150490,2,0,40,1,0.51327434,1
4,76.0000,0,9,9,2,3,4,40,0,2150557,2,0,40,1,0.86842105,1
4,42.0000,2,0,8,3,3,5,60,20,2150680,2,20,80,0,0.42857143,2
8,19.0000,0,3,9,1,5,9,50,28,2150706,2,28,78,1,0.68421053,1
3,27.0000,0,0,7,2,5,6,40,10,2150771,2,10,50,1,0.62962963,2
5,114.0000,0,5,10,1,3,4,55,50,2150813,2,50,105,0,0.28947368,1
8,47.0000,0,10,9,1,3,5,40,30,2150847,2,30,70,1,0.74468085,1
5,109.0000,0,6,9,0,4,7,60,28,2150854,2,28,88,1,0.64220183,1
5,140.0000,0,6,8,4,2,7,45,35,2150938,2,35,80,1,0.58571429,1
6,93.0000,0,0,8,1,2,3,35,35,2150946,2,35,70,1,0.60215054,1
3,51.0000,0,0,3,2,2,5,0,80,2151027,2,80,80,0,0.13725490,2
6,133.0000,0,4,8,0,2,10,0,0,2151282,2,0,0,1,0.85714286,1
5,165.0000,0,21,10,2,2,6,65,0,2151332,2,0,65,1,0.77575758,1
4,51.0000,0,3,7,0,5,8,40,40,2151340,2,40,80,1,0.80392157,2
5,88.0000,0,6,3,1,3,10,40,0,2151407,2,0,40,1,0.63636364,1
5,56.0000,0,0,8,2,2,3,0,0,2151423,2,0,0,1,0.96428571,1
6,66.0000,0,17,8,0,2,3,25,0,2151472,2,0,25,1,0.68181818,1
6,52.0000,2,10,10,3,3,9,40,16,2151555,2,16,56,1,0.57692308,1
6,25.0000,1,0,7,1,3,4,0,48,2151613,2,48,48,0,0.40000000,1
5,57.0000,0,19,9,0,2,6,0,0,2151779,2,0,0,1,0.59649123,1
4,122.0000,0,0,10,0,3,6,40,40,2151829,2,40,80,0,0.36065574,1
4,22.0000,0,3,3,2,1,4,0,40,2151852,2,40,40,0,0.40909091,2
3,10.0000,0,0,9,0,2,11,48,48,2151944,2,48,96,1,1.00000000,1
3,68.0000,0,16,7,0,2,3,0,40,2151969,2,40,40,1,0.85294118,1
7,104.0000,0,3,7,1,5,8,40,35,2152017,2,35,75,1,0.73076923,1
3,41.0000,0,0,8,0,1,5,0,40,2152108,2,40,40,1,0.85365854,1
5,162.0000,0,0,10,0,4,10,40,40,2152116,2,40,80,0,0.27777778,1
6,147.0000,1,12,6,0,3,6,40,0,2152173,2,0,40,1,0.70748299,1
8,25.0000,0,3,8,1,4,10,44,48,2152256,2,48,92,1,0.68000000,1
4,74.0000,0,3,7,2,4,6,40,0,2152264,2,0,40,1,0.71621622,1
5,93.0000,0,3,8,3,2,8,40,40,2152280,2,40,80,1,0.80645161,1
5,50.0000,0,2,5,1,1,5,0,17,2152355,2,17,17,1,0.76000000,1
5,12.0000,0,0,9,0,1,5,0,40,2152439,2,40,40,1,0.83333333,1
7,94.0000,0,13,6,5,5,11,50,0,2152454,2,0,50,1,0.74468085,1
4,77.0000,0,4,7,4,2,3,0,40,2152702,2,40,40,1,0.51948052,1
3,41.0000,0,0,6,5,2,5,60,0,2152801,2,0,60,1,0.58536585,1
6,44.0000,0,1,10,2,3,8,45,40,2152975,2,40,85,0,0.47727273,1
5,20.0000,1,0,11,1,2,4,40,0,2152983,2,0,40,1,0.55000000,1
4,125.0000,0,4,8,1,2,6,0,30,2153015,2,30,30,1,0.62400000,1
5,222.0000,0,0,8,0,4,12,50,0,2153064,2,0,50,0,0.48198198,1
5,121.0000,0,0,6,4,3,6,40,0,2153163,2,0,40,1,0.65289256,1
6,102.0000,0,16,8,0,2,5,0,0,2153288,2,0,0,1,0.86274510,1
3,125.0000,0,4,6,0,1,4,0,40,2153387,2,40,40,1,0.59200000,1
7,103.0000,0,5,10,0,2,12,35,40,2153494,2,40,75,0,0.47572816,1
6,16.0000,0,0,7,1,2,2,0,20,2153528,2,20,20,1,0.62500000,1
1,11.0000,1,1,5,3,2,3,40,24,2153536,2,24,64,1,1.00000000,1
4,112.0000,0,2,8,1,4,8,40,40,2153619,2,40,80,1,0.79464286,1
5,130.0000,0,1,10,2,2,8,40,40,2153635,2,40,80,1,0.75384615,1
5,63.0000,0,1,4,1,1,4,0,0,2153643,2,0,0,1,0.79365079,1
5,295.0000,0,0,6,0,2,14,60,50,2153759,2,50,110,1,0.68813559,1
5,202.0000,2,17,9,2,4,7,24,40,2153791,2,40,64,0,0.42574257,3
3,25.0000,0,6,5,2,2,7,50,30,2153890,2,30,80,1,0.84000000,2
6,40.0000,0,0,10,0,4,6,44,20,2154047,2,20,64,1,0.75000000,1
3,40.0000,0,0,9,1,5,5,48,0,2154054,2,0,48,1,0.85000000,1
5,28.0000,0,3,7,0,2,5,0,0,2154112,2,0,0,1,0.75000000,1
1,171.0000,0,0,5,0,3,1,0,0,2154237,2,0,0,1,0.83625731,2
5,35.0000,0,0,9,1,1,3,0,0,2154278,2,0,0,1,0.51428571,1
3,65.0000,0,1,10,1,4,10,40,45,2154336,2,45,85,0,0.44615385,1
5,59.0000,0,1,10,1,3,1,0,30,2154351,2,30,30,1,0.71186441,1
5,360.0000,0,16,7,1,2,7,0,0,2154468,2,0,0,1,0.81666667,1
4,70.0000,1,32,9,0,2,4,0,0,2154476,2,0,0,1,0.94285714,1
5,185.0000,2,44,8,1,2,14,0,0,2154625,2,0,0,0,0.47567568,1
1,92.0000,0,0,6,2,1,5,0,60,2154849,2,60,60,0,0.43478261,1
6,41.0000,0,15,9,0,2,12,50,50,2154898,2,50,100,1,0.65853659,1
4,14.0000,0,0,6,2,6,2,0,0,2154906,2,0,0,1,1.00000000,1
4,38.0000,1,0,8,2,2,8,0,50,2154948,2,50,50,0,0.47368421,1
1,158.0000,1,3,6,0,5,6,42,20,2155051,2,20,62,0,0.34177215,1
4,91.0000,0,11,7,1,5,6,40,40,2155085,2,40,80,1,0.78021978,1
6,33.0000,0,0,10,0,4,7,40,50,2155101,2,50,90,0,0.33333333,1
5,38.0000,0,3,6,1,3,7,0,25,2155333,2,25,25,1,0.65789474,1
5,125.0000,1,15,10,0,2,10,40,40,2155408,2,40,80,1,0.54400000,1
5,13.0000,0,0,6,2,3,3,40,0,2155465,2,0,40,1,0.53846154,1
4,17.0000,0,0,3,0,2,2,0,0,2155481,2,0,0,1,0.76470588,1
6,75.0000,0,2,4,2,3,5,48,18,2155572,2,18,66,1,0.61333333,1
4,32.0000,0,0,7,3,2,5,0,36,2155580,2,36,36,1,0.84375000,1
4,177.0000,1,9,8,0,5,12,40,0,2155622,2,0,40,1,0.86440678,1
5,410.0000,0,13,8,2,2,10,40,30,2155697,2,30,70,1,0.78292683,1
6,28.0000,3,1,8,0,2,11,70,0,2155879,2,0,70,1,0.96428571,1
4,20.0000,0,4,7,0,1,7,0,0,2155929,2,0,0,1,0.75000000,1
4,50.0000,0,1,4,1,2,11,40,0,2156034,2,0,40,1,1.00000000,1
6,107.0000,0,0,5,0,2,7,0,0,2156059,2,0,0,1,1.00000000,1
6,70.0000,0,0,10,2,2,3,0,0,2156091,2,0,0,1,0.88571429,1
5,76.0000,0,2,9,1,5,4,50,40,2156224,2,40,90,0,0.19736842,1
1,139.0000,0,0,3,2,2,4,40,0,2156299,2,0,40,1,1.00000000,2
3,37.0000,0,0,3,4,2,4,0,72,2156349,2,72,72,1,0.78378378,1
7,78.0000,0,0,9,0,2,9,0,40,2156455,2,40,40,1,0.58974359,1
5,90.0000,0,1,6,2,2,11,0,40,2156562,2,40,40,1,0.64444444,1
7,135.0000,0,8,8,2,5,10,40,40,2156786,2,40,80,1,0.57037037,1
7,102.0000,0,32,8,3,4,6,0,0,2156943,2,0,0,1,0.78431373,1
7,314.0000,0,7,10,1,3,7,50,16,2157024,2,16,66,1,0.75796178,1
5,108.0000,0,3,10,3,5,13,60,24,2157040,2,24,84,1,0.68518519,1
4,41.0000,1,13,6,0,2,6,0,0,2157115,2,0,0,0,0.46341463,1
5,11.0000,0,0,8,0,1,7,0,60,2157164,2,60,60,0,0.09090909,1
3,276.0000,0,31,7,1,2,3,0,0,2157206,2,0,0,1,0.81884058,1
4,96.0000,0,2,6,1,2,3,0,0,2157248,2,0,0,0,0.48958333,1
6,72.0000,3,4,9,0,2,5,37,37,2157297,2,37,74,1,0.90277778,1
5,38.0000,0,6,9,1,2,5,20,47,2157420,2,47,67,0,0.42105263,1
5,136.0000,0,16,9,1,4,7,40,0,2157495,2,0,40,1,0.50735294,1
4,56.0000,0,11,9,2,2,5,0,45,2157701,2,45,45,0,0.32142857,1
5,333.0000,0,13,7,0,2,8,40,0,2157776,2,0,40,1,0.57357357,1
6,11.0000,0,0,7,0,1,8,0,0,2157925,2,0,0,0,0.45454545,1
5,104.0000,0,12,8,3,2,3,0,0,2158055,2,0,0,1,0.57692308,3
3,50.0000,1,23,6,0,1,5,0,40,2158097,2,40,40,0,0.40000000,1
4,89.0000,0,2,9,2,4,5,40,0,2158188,2,0,40,1,0.97752809,1
4,112.0000,0,0,9,1,3,8,40,45,2158196,2,45,85,0,0.34821429,1
6,45.0000,0,0,10,3,2,8,0,40,2158261,2,40,40,0,0.40000000,1
4,42.0000,0,6,2,1,1,4,0,40,2158378,2,40,40,0,0.40476190,1
6,143.0000,2,7,11,3,3,10,40,30,2158410,2,30,70,1,0.81118881,1
6,97.0000,1,1,9,1,3,11,40,45,2158436,2,45,85,1,0.61855670,1
5,31.0000,0,4,3,1,2,5,40,0,2158519,2,0,40,0,0.22580645,1
5,86.0000,0,0,9,2,4,7,40,15,2158568,2,15,55,1,0.80232558,1
4,95.0000,1,16,10,4,4,4,40,44,2158642,2,44,84,0,0.42105263,2
3,60.0000,5,1,3,0,1,2,0,0,2158725,2,0,0,1,0.70000000,1
3,40.0000,0,0,9,0,2,7,50,15,2158873,2,15,65,1,0.67500000,1
6,80.0000,0,2,10,2,4,7,50,60,2159046,2,60,110,1,0.70000000,1
4,47.0000,0,0,5,1,1,8,40,0,2159079,2,0,40,1,0.61702128,2
5,32.0000,0,10,7,0,1,4,0,0,2159301,2,0,0,1,0.53125000,1
3,164.0000,0,0,6,1,3,6,40,40,2159319,2,40,80,1,0.84756098,1
7,71.0000,0,2,9,0,4,10,76,40,2159657,2,40,116,1,0.60563380,1
4,96.0000,0,1,6,0,4,4,40,0,2159681,2,0,40,1,0.70833333,1
5,202.0000,0,4,10,3,6,4,50,45,2159749,2,45,95,1,0.72277228,1
4,66.0000,2,1,7,2,2,5,0,40,2159756,2,40,40,1,0.56060606,1
4,47.0000,9,7,4,1,1,2,0,0,2159814,2,0,0,1,0.80851064,1
7,193.0000,1,7,10,0,2,5,20,0,2159897,2,0,20,1,0.84455959,1
4,175.0000,0,2,8,1,3,8,60,45,2160085,2,45,105,1,0.81142857,1
6,227.0000,0,5,10,2,3,6,40,0,2160119,2,0,40,0,0.12775330,1
6,134.0000,0,0,6,1,3,10,40,35,2160259,2,35,75,0,0.41791045,1
6,49.0000,4,14,10,3,4,7,40,0,2160325,2,0,40,1,0.93877551,1
5,40.0000,0,10,9,1,4,9,50,0,2160382,2,0,50,1,0.62500000,1
6,108.0000,0,0,10,1,4,10,50,0,2160390,2,0,50,1,0.87037037,1
5,78.0000,0,4,9,1,4,8,40,40,2160440,2,40,80,1,0.60256410,1
7,87.0000,0,12,10,2,4,6,60,40,2160549,2,40,100,1,0.89655172,3
8,73.0000,0,5,8,2,4,5,40,0,2160648,2,0,40,1,0.76712329,1
7,20.0000,0,2,9,0,2,3,0,0,2160762,2,0,0,1,1.00000000,1
2,90.0000,0,6,5,2,1,1,0,0,2160804,2,0,0,1,0.93333333,1
5,40.0000,0,1,7,3,1,6,0,45,2161034,2,45,45,1,0.70000000,1
6,54.0000,0,0,6,1,3,6,40,40,2161224,2,40,80,0,0.42592593,1
5,134.0000,0,0,10,0,3,7,40,0,2161240,2,0,40,1,0.61940299,1
6,123.0000,0,0,7,0,2,9,45,45,2161257,2,45,90,1,0.69105691,1
6,230.0000,1,39,8,4,2,7,40,40,2161315,2,40,80,1,0.84782609,1
5,57.0000,0,7,9,0,2,5,18,0,2161331,2,0,18,1,0.75438596,1
6,50.0000,3,15,10,0,2,11,40,35,2161521,2,35,75,1,0.66000000,1
6,66.0000,0,11,10,1,1,5,0,40,2161554,2,40,40,1,0.95454545,1
5,76.0000,0,5,7,1,5,3,60,20,2161570,2,20,80,1,0.88157895,1
4,47.0000,0,22,11,1,2,7,45,40,2161596,2,40,85,1,0.61702128,1
4,115.0000,0,11,8,0,2,4,0,0,2161836,2,0,0,1,0.93043478,1
5,212.0000,0,95,8,0,2,9,20,0,2161885,2,0,20,1,0.82075472,1
2,36.0000,0,0,4,0,2,4,0,0,2161927,2,0,0,1,0.58333333,1
5,65.0000,0,6,8,0,1,5,60,0,2162040,2,0,60,1,0.80000000,1
5,185.0000,0,9,9,1,4,12,65,0,2162065,2,0,65,1,0.69189189,1
5,15.0000,0,0,5,0,4,8,0,0,2162099,2,0,0,1,1.00000000,1
5,88.0000,0,2,10,0,2,6,0,16,2162115,2,16,16,1,0.71590909,1
5,107.0000,0,13,8,0,4,4,50,30,2162172,2,30,80,0,0.42990654,2
3,108.0000,0,9,5,0,2,11,0,0,2162206,2,0,0,1,0.80555556,1
4,152.0000,0,3,7,1,1,5,0,40,2162313,2,40,40,0,0.09210526,1
7,52.0000,0,10,6,2,3,5,45,30,2162479,2,30,75,0,0.48076923,1
6,80.0000,0,1,8,3,2,5,20,0,2162537,2,0,20,1,0.73750000,1
4,106.0000,0,2,10,0,2,3,0,25,2162545,2,25,25,1,0.96226415,1
5,64.0000,0,1,6,2,2,7,40,40,2162552,2,40,80,1,0.93750000,1
5,259.0000,0,3,7,1,4,4,0,50,2162560,2,50,50,1,0.61389961,1
7,190.0000,0,3,9,0,6,13,60,0,2162669,2,0,60,1,0.75789474,1
6,73.0000,0,1,10,1,4,8,50,0,2162685,2,0,50,1,0.75342466,1
5,151.0000,0,0,7,1,4,8,40,2,2162750,2,2,42,1,0.70198675,1
5,121.0000,0,16,5,0,2,2,0,0,2162792,2,0,0,1,0.76859504,1
4,14.0000,3,0,4,0,1,4,0,0,2162891,2,0,0,0,0.50000000,1
4,126.0000,0,3,10,0,4,4,40,0,2163014,2,0,40,1,0.55555556,1
4,201.0000,0,49,8,2,4,11,40,0,2163071,2,0,40,1,0.63681592,1
4,145.0000,0,1,10,0,3,9,40,40,2163170,2,40,80,0,0.35172414,1
6,183.0000,0,2,9,1,1,4,0,40,2163188,2,40,40,1,0.55191257,1
6,284.0000,0,9,10,1,3,8,38,40,2163246,2,40,78,1,0.88380282,1
5,129.0000,0,3,9,1,3,7,60,0,2163253,2,0,60,1,0.77519380,1
5,14.0000,0,4,8,0,1,4,0,0,2163394,2,0,0,1,0.71428571,1
7,135.0000,0,0,6,2,3,2,0,0,2163477,2,0,0,1,0.65185185,1
6,34.0000,0,0,9,2,5,7,40,0,2163584,2,0,40,1,1.00000000,1
7,89.0000,0,0,10,2,5,6,40,0,2163725,2,0,40,1,0.73033708,1
6,136.0000,2,6,9,0,2,12,0,40,2163758,2,40,40,1,0.52205882,1
5,26.0000,1,6,8,1,4,8,40,0,2163766,2,0,40,0,0.46153846,1
6,115.0000,0,15,8,0,4,8,45,0,2163964,2,0,45,1,0.73913043,1
5,143.0000,0,0,11,1,6,8,40,30,2164038,2,30,70,0,0.48951049,1
4,134.0000,0,7,4,1,2,8,0,0,2164087,2,0,0,1,0.82835821,1
5,108.0000,0,0,7,0,2,2,0,0,2164152,2,0,0,1,0.78703704,1
6,24.0000,2,6,7,3,5,8,45,0,2164319,2,0,45,0,0.50000000,1
5,198.0000,0,2,8,1,3,5,0,45,2164392,2,45,45,0,0.32828283,1
4,39.0000,0,0,7,0,2,6,40,0,2164491,2,0,40,1,0.74358974,1
6,142.0000,2,4,9,0,3,11,40,40,2164632,2,40,80,0,0.21126761,1
5,62.0000,0,5,7,1,1,2,0,0,2164756,2,0,0,1,0.80645161,1
6,245.0000,0,7,7,1,3,11,0,0,2164764,2,0,0,1,0.62448980,1
7,27.0000,0,0,8,1,2,7,40,0,2164830,2,0,40,1,0.74074074,1
6,100.0000,0,0,4,0,5,4,40,0,2164863,2,0,40,1,0.71000000,1
7,135.0000,0,37,9,1,2,7,0,0,2164996,2,0,0,1,0.94074074,1
6,27.0000,0,0,5,0,3,2,0,0,2165118,2,0,0,1,0.77777778,2
5,82.0000,0,12,10,1,2,6,40,30,2165209,2,30,70,0,0.37804878,1
4,91.0000,2,6,5,0,3,5,40,0,2165316,2,0,40,1,0.91208791,1
4,61.0000,0,10,6,0,1,3,0,37,2165332,2,37,37,1,0.88524590,3
4,28.0000,0,12,8,2,2,4,0,40,2165423,2,40,40,1,0.78571429,1
6,163.0000,0,68,8,1,4,2,40,0,2165464,2,0,40,1,0.94478528,1
7,162.0000,0,9,9,0,2,12,50,50,2165688,2,50,100,0,0.36419753,1
4,189.0000,0,6,8,3,4,5,0,0,2165746,2,0,0,1,0.79365079,1
5,146.0000,0,0,6,0,6,5,45,0,2165779,2,0,45,1,0.61643836,1
2,92.0000,0,1,8,0,2,6,55,0,2165837,2,0,55,1,0.84782609,2
6,78.0000,0,0,10,1,4,12,50,45,2165860,2,45,95,1,0.74358974,1
6,90.0000,0,2,11,1,5,10,40,6,2165951,2,6,46,1,0.51111111,1
3,115.0000,0,2,8,0,4,5,40,0,2166009,2,0,40,1,0.80869565,1
5,131.0000,2,17,9,0,2,4,0,0,2166066,2,0,0,1,0.78625954,1
6,20.0000,0,0,9,1,2,9,0,0,2166124,2,0,0,1,0.90000000,2
2,37.0000,0,7,5,0,1,4,0,0,2166165,2,0,0,1,0.54054054,1
4,57.0000,0,9,8,0,5,8,45,40,2166181,2,40,85,0,0.45614035,1
5,39.0000,0,9,10,0,4,7,45,30,2166223,2,30,75,1,0.82051282,1
6,120.0000,3,5,7,1,1,3,0,0,2166272,2,0,0,1,0.83333333,1
6,78.0000,0,1,7,0,1,4,0,40,2166330,2,40,40,1,0.61538462,1
6,114.0000,0,18,7,1,3,10,50,50,2166389,2,50,100,0,0.33333333,1
2,16.0000,0,8,6,0,1,2,0,40,2166454,2,40,40,1,0.81250000,2
4,33.0000,0,0,9,3,3,11,55,20,2166546,2,20,75,1,0.81818182,1
7,49.0000,0,3,8,4,5,9,40,50,2166629,2,50,90,1,0.81632653,1
5,76.0000,0,1,6,0,1,1,0,0,2166835,2,0,0,1,0.84210526,1
6,52.0000,0,1,9,1,4,10,45,44,2166868,2,44,89,1,0.51923077,1
5,270.0000,0,5,9,2,5,9,50,38,2166884,2,38,88,0,0.21851852,1
5,25.0000,0,0,8,0,2,2,0,18,2166934,2,18,18,1,0.80000000,1
5,129.0000,0,24,8,1,4,1,0,0,2166959,2,0,0,1,0.76744186,2
3,103.0000,0,9,4,3,5,7,0,40,2167023,2,40,40,1,0.80582524,2
2,21.0000,0,2,5,1,2,2,0,27,2167122,2,27,27,1,0.61904762,1
6,155.0000,1,1,10,0,2,7,0,0,2167171,2,0,0,1,0.74838710,1
5,128.0000,0,8,8,1,2,4,0,40,2167221,2,40,40,1,0.64843750,1
5,72.0000,0,1,8,3,4,10,44,4,2167320,2,4,48,1,0.55555556,1
5,167.0000,0,4,10,0,1,5,0,10,2167452,2,10,10,1,0.72455090,1
5,37.0000,0,0,6,2,5,9,40,40,2167502,2,40,80,1,0.59459459,1
6,154.0000,0,4,8,0,2,8,40,35,2167700,2,35,75,0,0.16233766,1
7,516.0000,0,4,9,7,3,8,48,30,2167726,2,30,78,1,0.78294574,1
5,31.0000,0,4,7,0,2,6,0,16,2167759,2,16,16,1,0.90322581,1
6,184.0000,0,43,9,1,4,8,40,0,2167791,2,0,40,1,0.58695652,1
6,81.0000,0,13,9,0,4,7,60,40,2167817,2,40,100,1,0.97530864,1
6,319.0000,0,21,8,1,3,9,40,40,2167825,2,40,80,1,0.88087774,1
5,101.0000,0,5,3,0,2,5,0,0,2168005,2,0,0,1,0.80198020,1
5,42.0000,0,4,6,0,3,4,40,40,2168013,2,40,80,1,0.80952381,1
5,107.0000,0,4,9,0,2,5,0,0,2168245,2,0,0,1,0.92523364,1
6,220.0000,0,6,7,1,3,8,55,38,2168286,2,38,93,1,0.60000000,1
3,5.0000,0,0,8,0,1,4,0,40,2168302,2,40,40,1,1.00000000,1
3,227.0000,0,0,7,3,2,5,0,40,2168377,2,40,40,1,0.75770925,1
6,73.0000,5,14,9,1,4,12,60,25,2168443,2,25,85,1,0.68493151,1
6,92.0000,0,10,4,1,1,4,40,0,2168542,2,0,40,1,0.84782609,1
4,190.0000,0,16,8,1,2,3,0,41,2168740,2,41,41,1,0.52105263,1
5,127.0000,0,0,9,2,3,7,40,40,2168765,2,40,80,1,0.58267717,1
5,107.0000,0,4,6,3,3,5,0,22,2168815,2,22,22,1,0.74766355,1
5,104.0000,0,9,10,1,3,11,40,0,2168823,2,0,40,1,0.90384615,1
5,156.0000,0,14,6,3,2,4,70,0,2168898,2,0,70,1,0.69230769,2
6,99.0000,0,6,8,1,6,6,45,0,2168922,2,0,45,1,0.85858586,1
6,66.0000,0,0,8,3,4,8,40,40,2169128,2,40,80,1,0.68181818,1
6,56.0000,0,0,10,1,3,5,0,40,2169136,2,40,40,0,0.50000000,2
5,29.0000,0,5,7,2,2,4,0,35,2169169,2,35,35,1,0.96551724,1
7,3.0000,0,0,10,5,3,8,40,40,2169219,2,40,80,1,0.66666667,1
4,123.0000,0,1,7,5,3,7,32,0,2169250,2,0,32,1,0.64227642,1
5,56.0000,0,1,9,2,4,11,50,40,2169268,2,40,90,1,0.71428571,1
2,115.0000,0,12,9,0,2,11,50,40,2169292,2,40,90,1,0.76521739,1
4,16.0000,0,0,5,0,1,2,0,0,2169326,2,0,0,1,0.56250000,1
6,10.0000,0,0,7,2,6,5,65,35,2169565,2,35,100,1,1.00000000,2
3,14.0000,0,0,3,0,1,4,40,0,2169623,2,0,40,1,0.78571429,1
5,355.0000,0,14,8,1,5,7,40,40,2169789,2,40,80,1,0.50985915,1
6,106.0000,0,11,9,3,4,7,45,0,2169797,2,0,45,1,0.55660377,1
6,90.0000,0,0,7,0,5,4,30,10,2169821,2,10,40,1,0.54444444,1
5,147.0000,0,6,9,0,4,10,40,20,2169896,2,20,60,1,0.82312925,1
5,46.0000,2,0,9,1,3,3,60,40,2169938,2,40,100,1,0.89130435,1
7,109.0000,0,0,10,2,4,6,40,40,2169946,2,40,80,0,0.44954128,1
5,28.0000,0,0,6,0,3,11,60,44,2170035,2,44,104,0,0.28571429,1
5,240.0000,0,8,8,1,4,6,55,40,2170100,2,40,95,0,0.35833333,1
4,228.0000,0,5,7,0,5,8,40,40,2170183,2,40,80,1,0.52192982,1
4,99.0000,0,1,9,0,3,4,40,40,2170191,2,40,80,1,0.73737374,2
7,108.0000,0,0,9,0,2,13,45,0,2170472,2,0,45,1,0.73148148,1
6,100.0000,0,0,5,0,2,3,0,0,2170639,2,0,0,1,0.80000000,1
